       0 1.047e+005
 0.000488 1.046e+005
 0.000976 8.044e+004
 0.001464 4.122e+004
 0.001952 1.785e+004
 0.00244 5.077e+004
 0.002928 1.595e+005
 0.003416 3.077e+005
 0.003904 4.12e+005
 0.004392 3.859e+005
 0.00488 1.916e+005
 0.005368 -1.365e+005
 0.005856 -4.787e+005
 0.006344 -6.902e+005
 0.006832 -7.047e+005
 0.00732 -5.587e+005
 0.007808 -3.709e+005
 0.008296 -2.478e+005
 0.008784 -2.058e+005
 0.009272 -2.007e+005
 0.00976 -1.598e+005
 0.01025 -5.939e+004
 0.01074 5.867e+004
 0.01122 1.444e+005
 0.01171 1.642e+005
  0.0122 1.429e+005
 0.01269 1.414e+005
 0.01318 2.159e+005
 0.01366 3.336e+005
 0.01415 4.414e+005
 0.01464 4.37e+005
 0.01513 2.896e+005
 0.01562 4.494e+004
  0.0161 -1.983e+005
 0.01659 -3.469e+005
 0.01708 -3.738e+005
 0.01757 -3.457e+005
 0.01806 -3.604e+005
 0.01854 -4.633e+005
 0.01903 -6.184e+005
 0.01952 -7.391e+005
 0.02001 -7.544e+005
  0.0205 -6.478e+005
 0.02098 -4.437e+005
 0.02147 -2.051e+005
 0.02196     749
 0.02245 1.434e+005
 0.02294 2.414e+005
 0.02342 3.11e+005
 0.02391 3.51e+005
  0.0244 3.31e+005
 0.02489 2.323e+005
 0.02538 7.992e+004
 0.02586 -7.119e+004
 0.02635 -1.745e+005
 0.02684 -2.137e+005
 0.02733 -2.171e+005
 0.02782 -2.325e+005
  0.0283 -2.873e+005
 0.02879 -3.843e+005
 0.02928 -4.641e+005
 0.02977 -4.795e+005
 0.03026 -4.034e+005
 0.03074 -2.442e+005
 0.03123 -5.315e+004
 0.03172  1.263e+005
 0.03221  2.761e+005
  0.0327  4.002e+005
 0.03318  5.021e+005
 0.03367  5.766e+005
 0.03416  6.072e+005
 0.03465  5.925e+005
 0.03514  5.568e+005
 0.03562  5.426e+005
 0.03611  5.682e+005
  0.0366  6.298e+005
 0.03709  6.981e+005
 0.03758  7.152e+005
 0.03806  6.533e+005
 0.03855  5.182e+005
 0.03904  3.536e+005
 0.03953  2.288e+005
 0.04002  1.916e+005
  0.0405  2.337e+005
 0.04099  3.087e+005
 0.04148  3.7e+005
 0.04197  3.934e+005
 0.04246  3.883e+005
 0.04294  3.818e+005
 0.04343  4.007e+005
 0.04392  4.519e+005
 0.04441  5.226e+005
  0.0449  5.922e+005
 0.04538  6.383e+005
 0.04587  6.554e+005
 0.04636  6.445e+005
 0.04685  6.04e+005
 0.04734  5.216e+005
 0.04782  3.916e+005
 0.04831  2.168e+005
  0.0488  1.937e+004
 0.04929 -1.617e+005
 0.04978 -2.894e+005
 0.05026 -3.569e+005
 0.05075 -3.817e+005
 0.05124 -3.901e+005
 0.05173 -3.961e+005
 0.05222 -3.965e+005
  0.0527 -3.697e+005
 0.05319 -2.952e+005
 0.05368 -1.663e+005
 0.05417     4240
 0.05466  1.805e+005
 0.05514  3.235e+005
 0.05563  4.042e+005
 0.05612  4.16e+005
 0.05661  3.721e+005
  0.0571  2.919e+005
 0.05758  1.879e+005
 0.05807  6.82e+004
 0.05856 -5.613e+004
 0.05905 -1.694e+005
 0.05954 -2.588e+005
 0.06002 -3.269e+005
 0.06051 -3.86e+005
   0.061 -4.526e+005
 0.06149 -5.345e+005
 0.06198 -6.161e+005
 0.06246 -6.804e+005
 0.06295 -7.129e+005
 0.06344 -7.083e+005
 0.06393 -6.804e+005
 0.06442 -6.533e+005
  0.0649 -6.503e+005
 0.06539 -6.84e+005
 0.06588 -7.45e+005
 0.06637 -8.061e+005
 0.06686 -8.436e+005
 0.06734 -8.434e+005
 0.06783 -8.061e+005
 0.06832 -7.337e+005
 0.06881 -6.304e+005
  0.0693 -5.03e+005
 0.06978 -3.659e+005
 0.07027 -2.33e+005
 0.07076 -1.14e+005
 0.07125 -1.029e+004
 0.07174  8.4e+004
 0.07222  1.775e+005
 0.07271  2.744e+005
  0.0732  3.669e+005
 0.07369  4.344e+005
 0.07418  4.546e+005
 0.07466  4.09e+005
 0.07515  2.992e+005
 0.07564  1.498e+005
 0.07613    -5760
 0.07662 -1.42e+005
  0.0771 -2.457e+005
 0.07759 -3.181e+005
 0.07808 -3.679e+005
 0.07857 -4.015e+005
 0.07906 -4.251e+005
 0.07954 -4.412e+005
 0.08003 -4.437e+005
 0.08052 -4.239e+005
 0.08101 -3.78e+005
  0.0815 -3.001e+005
 0.08198 -1.913e+005
 0.08247 -6.045e+004
 0.08296  8.092e+004
 0.08345  2.139e+005
 0.08394  3.191e+005
 0.08442  3.867e+005
 0.08491  4.219e+005
  0.0854  4.39e+005
 0.08589  4.556e+005
 0.08638  4.815e+005
 0.08686  5.123e+005
 0.08735  5.351e+005
 0.08784  5.347e+005
 0.08833  4.946e+005
 0.08882  4.072e+005
  0.0893  2.806e+005
 0.08979  1.344e+005
 0.09028    -6995
 0.09077 -1.226e+005
 0.09126 -2.035e+005
 0.09174 -2.535e+005
 0.09223 -2.807e+005
 0.09272 -2.928e+005
 0.09321 -2.958e+005
  0.0937 -2.854e+005
 0.09418 -2.522e+005
 0.09467 -1.845e+005
 0.09516 -7.319e+004
 0.09565  7.691e+004
 0.09614  2.483e+005
 0.09662  4.17e+005
 0.09711  5.606e+005
  0.0976  6.622e+005
 0.09809  7.119e+005
 0.09858  7.083e+005
 0.09906  6.58e+005
 0.09955  5.742e+005
     0.1  4.689e+005
  0.1005  3.51e+005
   0.101  2.273e+005
  0.1015  9.857e+004
   0.102 -3.435e+004
  0.1025 -1.663e+005
   0.103 -2.859e+005
  0.1035 -3.787e+005
  0.1039 -4.253e+005
  0.1044 -4.098e+005
  0.1049 -3.303e+005
  0.1054 -2.024e+005
  0.1059 -5.079e+004
  0.1064  9.621e+004
  0.1069  2.18e+005
  0.1074  3.074e+005
  0.1078  3.654e+005
  0.1083  3.961e+005
  0.1088  4.067e+005
  0.1093  4.005e+005
  0.1098  3.788e+005
  0.1103  3.41e+005
  0.1108  2.849e+005
  0.1113  2.094e+005
  0.1118  1.179e+005
  0.1122  2.009e+004
  0.1127 -7.246e+004
  0.1132 -1.449e+005
  0.1137 -1.842e+005
  0.1142 -1.847e+005
  0.1147 -1.527e+005
  0.1152 -1.036e+005
  0.1157 -5.76e+004
  0.1161 -2.949e+004
  0.1166 -2.282e+004
  0.1171 -3.151e+004
  0.1176 -4.532e+004
  0.1181 -5.489e+004
  0.1186 -5.591e+004
  0.1191 -5.179e+004
  0.1196 -4.977e+004
    0.12 -5.693e+004
  0.1205 -7.947e+004
   0.121 -1.188e+005
  0.1215 -1.711e+005
   0.122 -2.291e+005
  0.1225 -2.838e+005
   0.123 -3.24e+005
  0.1235 -3.392e+005
   0.124 -3.276e+005
  0.1244 -2.961e+005
  0.1249 -2.585e+005
  0.1254 -2.286e+005
  0.1259 -2.116e+005
  0.1264 -2.025e+005
  0.1269 -1.925e+005
  0.1274 -1.733e+005
  0.1279 -1.437e+005
  0.1283 -1.116e+005
  0.1288 -9.127e+004
  0.1293 -9.554e+004
  0.1298 -1.306e+005
  0.1303 -1.936e+005
  0.1308 -2.724e+005
  0.1313 -3.521e+005
  0.1318 -4.2e+005
  0.1322 -4.674e+005
  0.1327 -4.893e+005
  0.1332 -4.881e+005
  0.1337 -4.718e+005
  0.1342 -4.506e+005
  0.1347 -4.32e+005
  0.1352 -4.16e+005
  0.1357 -3.946e+005
  0.1362 -3.582e+005
  0.1366 -2.983e+005
  0.1371 -2.143e+005
  0.1376 -1.135e+005
  0.1381    -9224
  0.1386  8.368e+004
  0.1391  1.544e+005
  0.1396  1.985e+005
  0.1401  2.185e+005
  0.1405  2.21e+005
   0.141  2.13e+005
  0.1415  1.983e+005
   0.142  1.791e+005
  0.1425  1.565e+005
   0.143  1.28e+005
  0.1435  9.123e+004
   0.144  4.824e+004
  0.1444     4234
  0.1449 -2.994e+004
  0.1454 -4.166e+004
  0.1459 -2.075e+004
  0.1464  3.55e+004
  0.1469  1.201e+005
  0.1474  2.188e+005
  0.1479  3.16e+005
  0.1484  3.991e+005
  0.1488  4.616e+005
  0.1493  5.032e+005
  0.1498  5.275e+005
  0.1503  5.389e+005
  0.1508  5.409e+005
  0.1513  5.348e+005
  0.1518  5.218e+005
  0.1523  5.018e+005
  0.1527  4.755e+005
  0.1532  4.463e+005
  0.1537  4.195e+005
  0.1542  4.018e+005
  0.1547   4e+005
  0.1552  4.201e+005
  0.1557  4.62e+005
  0.1562  5.181e+005
  0.1566  5.746e+005
  0.1571  6.156e+005
  0.1576  6.303e+005
  0.1581  6.144e+005
  0.1586  5.703e+005
  0.1591  5.041e+005
  0.1596  4.224e+005
  0.1601  3.286e+005
  0.1606  2.237e+005
   0.161  1.07e+005
  0.1615 -2.05e+004
   0.162 -1.552e+005
  0.1625 -2.893e+005
   0.163 -4.115e+005
  0.1635 -5.097e+005
   0.164 -5.733e+005
  0.1645 -5.955e+005
  0.1649 -5.755e+005
  0.1654 -5.207e+005
  0.1659 -4.437e+005
  0.1664 -3.594e+005
  0.1669 -2.777e+005
  0.1674 -2.028e+005
  0.1679 -1.337e+005
  0.1684 -6.78e+004
  0.1688    -2302
  0.1693  5.97e+004
  0.1698  1.122e+005
  0.1703  1.466e+005
  0.1708  1.556e+005
  0.1713  1.351e+005
  0.1718  8.694e+004
  0.1723  1.811e+004
  0.1728 -6.203e+004
  0.1732 -1.436e+005
  0.1737 -2.177e+005
  0.1742 -2.799e+005
  0.1747 -3.296e+005
  0.1752 -3.711e+005
  0.1757 -4.088e+005
  0.1762 -4.431e+005
  0.1767 -4.713e+005
  0.1771 -4.859e+005
  0.1776 -4.803e+005
  0.1781 -4.504e+005
  0.1786 -3.97e+005
  0.1791 -3.254e+005
  0.1796 -2.447e+005
  0.1801 -1.63e+005
  0.1806 -8.581e+004
   0.181 -1.463e+004
  0.1815  5.15e+004
   0.182  1.146e+005
  0.1825  1.759e+005
   0.183  2.356e+005
  0.1835  2.924e+005
   0.184  3.428e+005
  0.1845  3.813e+005
   0.185  4.019e+005
  0.1854  4.025e+005
  0.1859  3.846e+005
  0.1864  3.549e+005
  0.1869  3.232e+005
  0.1874  2.986e+005
  0.1879  2.867e+005
  0.1884  2.874e+005
  0.1889  2.96e+005
  0.1893  3.058e+005
  0.1898  3.132e+005
  0.1903  3.189e+005
  0.1908  3.27e+005
  0.1913  3.438e+005
  0.1918  3.727e+005
  0.1923  4.139e+005
  0.1928  4.629e+005
  0.1932  5.128e+005
  0.1937  5.559e+005
  0.1942  5.854e+005
  0.1947  5.98e+005
  0.1952  5.936e+005
  0.1957  5.755e+005
  0.1962  5.48e+005
  0.1967  5.159e+005
  0.1972  4.823e+005
  0.1976  4.482e+005
  0.1981  4.123e+005
  0.1986  3.73e+005
  0.1991  3.307e+005
  0.1996  2.866e+005
  0.2001  2.443e+005
  0.2006  2.09e+005
  0.2011  1.833e+005
  0.2015  1.672e+005
   0.202  1.58e+005
  0.2025  1.487e+005
   0.203  1.316e+005
  0.2035  1.005e+005
   0.204  5.212e+004
  0.2045 -1.325e+004
   0.205 -9.219e+004
  0.2054 -1.793e+005
  0.2059 -2.69e+005
  0.2064 -3.569e+005
  0.2069 -4.407e+005
  0.2074 -5.194e+005
  0.2079 -5.917e+005
  0.2084 -6.543e+005
  0.2089 -7.016e+005
  0.2094 -7.283e+005
  0.2098 -7.292e+005
  0.2103 -7.032e+005
  0.2108 -6.541e+005
  0.2113 -5.895e+005
  0.2118 -5.201e+005
  0.2123 -4.561e+005
  0.2128 -4.061e+005
  0.2133 -3.753e+005
  0.2137 -3.66e+005
  0.2142 -3.773e+005
  0.2147 -4.059e+005
  0.2152 -4.471e+005
  0.2157 -4.961e+005
  0.2162 -5.49e+005
  0.2167 -6.036e+005
  0.2172 -6.572e+005
  0.2176 -7.057e+005
  0.2181 -7.439e+005
  0.2186 -7.648e+005
  0.2191 -7.609e+005
  0.2196 -7.275e+005
  0.2201 -6.643e+005
  0.2206 -5.756e+005
  0.2211 -4.707e+005
  0.2216 -3.603e+005
   0.222 -2.533e+005
  0.2225 -1.572e+005
   0.223 -7.637e+004
  0.2235 -1.304e+004
   0.224  3.293e+004
  0.2245  6.293e+004
   0.225  7.898e+004
  0.2255  8.329e+004
  0.2259  7.728e+004
  0.2264  6.294e+004
  0.2269  4.279e+004
  0.2274  2.011e+004
  0.2279      170
  0.2284 -1.217e+004
  0.2289 -1.302e+004
  0.2294    -1601
  0.2298  1.962e+004
  0.2303  4.371e+004
  0.2308  6.448e+004
  0.2313  7.733e+004
  0.2318  8.109e+004
  0.2323  7.728e+004
  0.2328  6.962e+004
  0.2333  6.118e+004
  0.2338  5.373e+004
  0.2342  4.779e+004
  0.2347  4.283e+004
  0.2352  3.826e+004
  0.2357  3.409e+004
  0.2362  3.154e+004
  0.2367  3.147e+004
  0.2372  3.499e+004
  0.2377  4.298e+004
  0.2381  5.585e+004
  0.2386  7.268e+004
  0.2391  9.167e+004
  0.2396  1.1e+005
  0.2401  1.258e+005
  0.2406  1.377e+005
  0.2411  1.453e+005
  0.2416  1.496e+005
   0.242  1.517e+005
  0.2425  1.525e+005
   0.243  1.535e+005
  0.2435  1.547e+005
   0.244  1.555e+005
  0.2445  1.543e+005
   0.245  1.479e+005
  0.2455  1.342e+005
   0.246  1.122e+005
  0.2464  8.294e+004
  0.2469  4.928e+004
  0.2474  1.508e+004
  0.2479 -1.612e+004
  0.2484 -4.251e+004
  0.2489 -6.337e+004
  0.2494 -7.858e+004
  0.2499 -8.717e+004
  0.2503 -8.733e+004
  0.2508 -7.701e+004
  0.2513 -5.436e+004
  0.2518 -1.832e+004
  0.2523  3.005e+004
  0.2528  8.922e+004
  0.2533  1.55e+005
  0.2538  2.233e+005
  0.2542  2.887e+005
  0.2547  3.457e+005
  0.2552  3.896e+005
  0.2557  4.178e+005
  0.2562  4.282e+005
  0.2567  4.221e+005
  0.2572  4.011e+005
  0.2577  3.663e+005
  0.2582  3.193e+005
  0.2586  2.612e+005
  0.2591  1.946e+005
  0.2596  1.226e+005
  0.2601  5.008e+004
  0.2606 -1.769e+004
  0.2611 -7.719e+004
  0.2616 -1.262e+005
  0.2621 -1.642e+005
  0.2625 -1.928e+005
   0.263 -2.135e+005
  0.2635 -2.273e+005
   0.264 -2.358e+005
  0.2645 -2.402e+005
   0.265 -2.415e+005
  0.2655 -2.399e+005
   0.266 -2.362e+005
  0.2664 -2.297e+005
  0.2669 -2.199e+005
  0.2674 -2.063e+005
  0.2679 -1.887e+005
  0.2684 -1.683e+005
  0.2689 -1.465e+005
  0.2694 -1.248e+005
  0.2699 -1.045e+005
  0.2704 -8.67e+004
  0.2708 -7.149e+004
  0.2713 -5.947e+004
  0.2718 -5.096e+004
  0.2723 -4.65e+004
  0.2728 -4.655e+004
  0.2733 -5.014e+004
  0.2738 -5.681e+004
  0.2743 -6.341e+004
  0.2747 -6.698e+004
  0.2752 -6.367e+004
  0.2757 -5.078e+004
  0.2762 -2.617e+004
  0.2767  1.012e+004
  0.2772  5.647e+004
  0.2777  1.102e+005
  0.2782  1.678e+005
  0.2786  2.262e+005
  0.2791  2.826e+005
  0.2796  3.348e+005
  0.2801  3.807e+005
  0.2806  4.206e+005
  0.2811  4.539e+005
  0.2816  4.803e+005
  0.2821  4.991e+005
  0.2826  5.092e+005
   0.283  5.104e+005
  0.2835  5.032e+005
   0.284  4.902e+005
  0.2845  4.75e+005
   0.285  4.613e+005
  0.2855  4.51e+005
   0.286  4.446e+005
  0.2865  4.402e+005
  0.2869  4.357e+005
  0.2874  4.297e+005
  0.2879  4.218e+005
  0.2884  4.126e+005
  0.2889  4.02e+005
  0.2894  3.899e+005
  0.2899  3.739e+005
  0.2904  3.535e+005
  0.2908  3.275e+005
  0.2913  2.963e+005
  0.2918  2.603e+005
  0.2923  2.2e+005
  0.2928  1.75e+005
  0.2933  1.257e+005
  0.2938  7.314e+004
  0.2943  1.951e+004
  0.2948 -3.227e+004
  0.2952 -8.042e+004
  0.2957 -1.237e+005
  0.2962 -1.635e+005
  0.2967 -2.014e+005
  0.2972 -2.383e+005
  0.2977 -2.728e+005
  0.2982 -3.028e+005
  0.2987 -3.251e+005
  0.2991 -3.389e+005
  0.2996 -3.464e+005
  0.3001 -3.507e+005
  0.3006 -3.565e+005
  0.3011 -3.668e+005
  0.3016 -3.821e+005
  0.3021 -4.019e+005
  0.3026 -4.238e+005
   0.303 -4.451e+005
  0.3035 -4.642e+005
   0.304 -4.801e+005
  0.3045 -4.92e+005
   0.305 -5.001e+005
  0.3055 -5.043e+005
   0.306 -5.044e+005
  0.3065 -4.995e+005
   0.307 -4.876e+005
  0.3074 -4.665e+005
  0.3079 -4.338e+005
  0.3084 -3.892e+005
  0.3089 -3.341e+005
  0.3094 -2.735e+005
  0.3099 -2.138e+005
  0.3104 -1.615e+005
  0.3109 -1.212e+005
  0.3113 -9.346e+004
  0.3118 -7.563e+004
  0.3123 -6.294e+004
  0.3128 -5.042e+004
  0.3133 -3.493e+004
  0.3138 -1.612e+004
  0.3143     4314
  0.3148  2.373e+004
  0.3152  4.141e+004
  0.3157  5.846e+004
  0.3162  7.864e+004
  0.3167  1.066e+005
  0.3172  1.465e+005
  0.3177  1.987e+005
  0.3182  2.605e+005
  0.3187  3.265e+005
  0.3192  3.895e+005
  0.3196  4.429e+005
  0.3201  4.821e+005
  0.3206  5.055e+005
  0.3211  5.143e+005
  0.3216  5.108e+005
  0.3221  4.991e+005
  0.3226  4.819e+005
  0.3231  4.614e+005
  0.3235  4.384e+005
   0.324  4.128e+005
  0.3245  3.839e+005
   0.325  3.521e+005
  0.3255  3.189e+005
   0.326  2.874e+005
  0.3265  2.615e+005
   0.327  2.435e+005
  0.3274  2.337e+005
  0.3279  2.291e+005
  0.3284  2.25e+005
  0.3289  2.171e+005
  0.3294  2.024e+005
  0.3299  1.824e+005
  0.3304  1.602e+005
  0.3309  1.409e+005
  0.3314  1.284e+005
  0.3318  1.252e+005
  0.3323  1.315e+005
  0.3328  1.462e+005
  0.3333  1.669e+005
  0.3338  1.917e+005
  0.3343  2.178e+005
  0.3348  2.431e+005
  0.3353  2.673e+005
  0.3357  2.892e+005
  0.3362  3.092e+005
  0.3367  3.274e+005
  0.3372  3.406e+005
  0.3377  3.472e+005
  0.3382  3.436e+005
  0.3387  3.281e+005
  0.3392   3e+005
  0.3396  2.626e+005
  0.3401  2.204e+005
  0.3406  1.77e+005
  0.3411  1.367e+005
  0.3416  9.884e+004
  0.3421  6.311e+004
  0.3426  2.773e+004
  0.3431    -9065
  0.3436 -4.608e+004
   0.344 -8.087e+004
  0.3445 -1.094e+005
   0.345 -1.276e+005
  0.3455 -1.333e+005
   0.346 -1.274e+005
  0.3465 -1.119e+005
   0.347 -9.181e+004
  0.3475 -7.026e+004
  0.3479 -5.046e+004
  0.3484 -3.374e+004
  0.3489 -1.93e+004
  0.3494    -6478
  0.3499     4659
  0.3504  1.395e+004
  0.3509  1.889e+004
  0.3514  1.658e+004
  0.3518     3729
  0.3523 -2.096e+004
  0.3528 -5.837e+004
  0.3533 -1.046e+005
  0.3538 -1.551e+005
  0.3543 -2.047e+005
  0.3548 -2.477e+005
  0.3553 -2.821e+005
  0.3558 -3.08e+005
  0.3562 -3.27e+005
  0.3567 -3.415e+005
  0.3572 -3.531e+005
  0.3577 -3.604e+005
  0.3582 -3.619e+005
  0.3587 -3.546e+005
  0.3592 -3.377e+005
  0.3597 -3.122e+005
  0.3601 -2.81e+005
  0.3606 -2.49e+005
  0.3611 -2.207e+005
  0.3616 -1.992e+005
  0.3621 -1.871e+005
  0.3626 -1.849e+005
  0.3631 -1.904e+005
  0.3636 -2.02e+005
   0.364 -2.161e+005
  0.3645 -2.306e+005
   0.365 -2.442e+005
  0.3655 -2.568e+005
   0.366 -2.693e+005
  0.3665 -2.823e+005
   0.367 -2.954e+005
  0.3675 -3.055e+005
   0.368 -3.093e+005
  0.3684 -3.03e+005
  0.3689 -2.845e+005
  0.3694 -2.544e+005
  0.3699 -2.151e+005
  0.3704 -1.71e+005
  0.3709 -1.265e+005
  0.3714 -8.447e+004
  0.3719 -4.56e+004
  0.3723    -9506
  0.3728  2.536e+004
  0.3733  5.971e+004
  0.3738  9.303e+004
  0.3743  1.243e+005
  0.3748  1.52e+005
  0.3753  1.761e+005
  0.3758  1.965e+005
  0.3762  2.143e+005
  0.3767  2.312e+005
  0.3772  2.489e+005
  0.3777  2.686e+005
  0.3782  2.911e+005
  0.3787  3.161e+005
  0.3792  3.421e+005
  0.3797  3.666e+005
  0.3802  3.882e+005
  0.3806  4.058e+005
  0.3811  4.203e+005
  0.3816  4.33e+005
  0.3821  4.449e+005
  0.3826  4.564e+005
  0.3831  4.654e+005
  0.3836  4.693e+005
  0.3841  4.653e+005
  0.3845  4.517e+005
   0.385  4.285e+005
  0.3855  3.97e+005
   0.386  3.6e+005
  0.3865  3.198e+005
   0.387  2.782e+005
  0.3875  2.373e+005
   0.388  1.973e+005
  0.3884  1.584e+005
  0.3889  1.209e+005
  0.3894  8.458e+004
  0.3899  4.976e+004
  0.3904  1.696e+004
  0.3909 -1.357e+004
  0.3914 -4.132e+004
  0.3919 -6.603e+004
  0.3924 -8.917e+004
  0.3928 -1.121e+005
  0.3933 -1.374e+005
  0.3938 -1.67e+005
  0.3943 -2.017e+005
  0.3948 -2.413e+005
  0.3953 -2.838e+005
  0.3958 -3.27e+005
  0.3963 -3.688e+005
  0.3967 -4.085e+005
  0.3972 -4.459e+005
  0.3977 -4.823e+005
  0.3982 -5.179e+005
  0.3987 -5.527e+005
  0.3992 -5.852e+005
  0.3997 -6.131e+005
  0.4002 -6.333e+005
  0.4006 -6.441e+005
  0.4011 -6.448e+005
  0.4016 -6.358e+005
  0.4021 -6.189e+005
  0.4026 -5.964e+005
  0.4031 -5.709e+005
  0.4036 -5.444e+005
  0.4041 -5.18e+005
  0.4046 -4.922e+005
   0.405 -4.67e+005
  0.4055 -4.425e+005
   0.406 -4.195e+005
  0.4065 -3.989e+005
   0.407 -3.822e+005
  0.4075 -3.701e+005
   0.408 -3.618e+005
  0.4085 -3.558e+005
  0.4089 -3.499e+005
  0.4094 -3.413e+005
  0.4099 -3.28e+005
  0.4104 -3.1e+005
  0.4109 -2.878e+005
  0.4114 -2.63e+005
  0.4119 -2.376e+005
  0.4124 -2.131e+005
  0.4128 -1.902e+005
  0.4133 -1.69e+005
  0.4138 -1.486e+005
  0.4143 -1.285e+005
  0.4148 -1.092e+005
  0.4153 -9.134e+004
  0.4158 -7.621e+004
  0.4163 -6.538e+004
  0.4168 -5.965e+004
  0.4172 -5.89e+004
  0.4177 -6.22e+004
  0.4182 -6.753e+004
  0.4187 -7.304e+004
  0.4192 -7.627e+004
  0.4197 -7.625e+004
  0.4202 -7.36e+004
  0.4207 -6.874e+004
  0.4211 -6.385e+004
  0.4216 -5.995e+004
  0.4221 -5.747e+004
  0.4226 -5.569e+004
  0.4231 -5.324e+004
  0.4236 -4.888e+004
  0.4241 -4.248e+004
  0.4246 -3.393e+004
   0.425 -2.422e+004
  0.4255 -1.425e+004
   0.426    -4426
  0.4265     5521
   0.427  1.634e+004
  0.4275  2.959e+004
   0.428  4.557e+004
  0.4285  6.459e+004
   0.429  8.672e+004
  0.4294  1.104e+005
  0.4299  1.345e+005
  0.4304  1.571e+005
  0.4309  1.775e+005
  0.4314  1.954e+005
  0.4319  2.109e+005
  0.4324  2.253e+005
  0.4329  2.397e+005
  0.4333  2.549e+005
  0.4338  2.702e+005
  0.4343  2.846e+005
  0.4348  2.961e+005
  0.4353  3.032e+005
  0.4358  3.059e+005
  0.4363  3.048e+005
  0.4368  3.012e+005
  0.4372  2.963e+005
  0.4377  2.909e+005
  0.4382  2.845e+005
  0.4387  2.762e+005
  0.4392  2.646e+005
  0.4397  2.485e+005
  0.4402  2.278e+005
  0.4407  2.023e+005
  0.4412  1.729e+005
  0.4416  1.405e+005
  0.4421  1.059e+005
  0.4426  6.924e+004
  0.4431  2.985e+004
  0.4436 -1.322e+004
  0.4441 -6.166e+004
  0.4446 -1.164e+005
  0.4451 -1.77e+005
  0.4455 -2.412e+005
   0.446 -3.074e+005
  0.4465 -3.73e+005
   0.447 -4.367e+005
  0.4475 -4.982e+005
   0.448 -5.579e+005
  0.4485 -6.162e+005
   0.449 -6.739e+005
  0.4494 -7.297e+005
  0.4499 -7.824e+005
  0.4504 -8.293e+005
  0.4509 -8.691e+005
  0.4514  -9e+005
  0.4519 -9.224e+005
  0.4524 -9.372e+005
  0.4529 -9.458e+005
  0.4534 -9.495e+005
  0.4538 -9.483e+005
  0.4543 -9.424e+005
  0.4548 -9.305e+005
  0.4553 -9.118e+005
  0.4558 -8.852e+005
  0.4563 -8.501e+005
  0.4568 -8.067e+005
  0.4573 -7.558e+005
  0.4577 -6.978e+005
  0.4582 -6.343e+005
  0.4587 -5.652e+005
  0.4592 -4.9e+005
  0.4597 -4.085e+005
  0.4602 -3.205e+005
  0.4607 -2.264e+005
  0.4612 -1.268e+005
  0.4616 -2.462e+004
  0.4621  7.745e+004
  0.4626  1.769e+005
  0.4631  2.714e+005
  0.4636  3.604e+005
  0.4641  4.443e+005
  0.4646  5.236e+005
  0.4651  5.997e+005
  0.4656  6.727e+005
   0.466  7.419e+005
  0.4665  8.072e+005
   0.467  8.681e+005
  0.4675  9.247e+005
   0.468  9.779e+005
  0.4685  1.029e+006
   0.469  1.08e+006
  0.4695  1.131e+006
  0.4699  1.182e+006
  0.4704  1.232e+006
  0.4709  1.279e+006
  0.4714  1.321e+006
  0.4719  1.356e+006
  0.4724  1.382e+006
  0.4729  1.401e+006
  0.4734  1.411e+006
  0.4738  1.416e+006
  0.4743  1.416e+006
  0.4748  1.413e+006
  0.4753  1.407e+006
  0.4758  1.396e+006
  0.4763  1.379e+006
  0.4768  1.356e+006
  0.4773  1.327e+006
  0.4778  1.295e+006
  0.4782  1.261e+006
  0.4787  1.228e+006
  0.4792  1.198e+006
  0.4797  1.17e+006
  0.4802  1.143e+006
  0.4807  1.117e+006
  0.4812  1.09e+006
  0.4817  1.063e+006
  0.4821  1.036e+006
  0.4826  1.009e+006
  0.4831  9.853e+005
  0.4836  9.638e+005
  0.4841  9.446e+005
  0.4846  9.264e+005
  0.4851  9.068e+005
  0.4856  8.834e+005
   0.486  8.541e+005
  0.4865  8.185e+005
   0.487  7.777e+005
  0.4875  7.337e+005
   0.488  6.893e+005
  0.4885  6.461e+005
   0.489  6.038e+005
  0.4895  5.612e+005
    0.49  5.167e+005
  0.4904  4.682e+005
  0.4909  4.147e+005
  0.4914  3.559e+005
  0.4919  2.909e+005
  0.4924  2.202e+005
  0.4929  1.431e+005
  0.4934  6.024e+004
  0.4939 -2.928e+004
  0.4943 -1.244e+005
  0.4948 -2.247e+005
  0.4953 -3.303e+005
  0.4958 -4.404e+005
  0.4963 -5.532e+005
  0.4968 -6.665e+005
  0.4973 -7.778e+005
  0.4978 -8.841e+005
  0.4982 -9.838e+005
  0.4987 -1.076e+006
  0.4992 -1.162e+006
  0.4997 -1.242e+006
  0.5002 -1.315e+006
  0.5007 -1.382e+006
  0.5012 -1.44e+006
  0.5017 -1.489e+006
  0.5022 -1.526e+006
  0.5026 -1.552e+006
  0.5031 -1.569e+006
  0.5036 -1.578e+006
  0.5041 -1.58e+006
  0.5046 -1.578e+006
  0.5051 -1.571e+006
  0.5056 -1.559e+006
  0.5061 -1.543e+006
  0.5065 -1.522e+006
   0.507 -1.499e+006
  0.5075 -1.473e+006
   0.508 -1.446e+006
  0.5085 -1.419e+006
   0.509 -1.392e+006
  0.5095 -1.366e+006
    0.51 -1.341e+006
  0.5104 -1.314e+006
  0.5109 -1.285e+006
  0.5114 -1.252e+006
  0.5119 -1.216e+006
  0.5124 -1.177e+006
  0.5129 -1.138e+006
  0.5134 -1.1e+006
  0.5139 -1.063e+006
  0.5144 -1.026e+006
  0.5148 -9.879e+005
  0.5153 -9.478e+005
  0.5158 -9.054e+005
  0.5163 -8.612e+005
  0.5168 -8.155e+005
  0.5173 -7.684e+005
  0.5178 -7.202e+005
  0.5183 -6.702e+005
  0.5187 -6.183e+005
  0.5192 -5.641e+005
  0.5197 -5.075e+005
  0.5202 -4.484e+005
  0.5207 -3.863e+005
  0.5212 -3.217e+005
  0.5217 -2.552e+005
  0.5222 -1.881e+005
  0.5226 -1.22e+005
  0.5231 -5.782e+004
  0.5236     4998
  0.5241  6.666e+004
  0.5246  1.285e+005
  0.5251  1.905e+005
  0.5256  2.522e+005
  0.5261  3.118e+005
  0.5266  3.679e+005
   0.527  4.198e+005
  0.5275  4.676e+005
   0.528  5.117e+005
  0.5285  5.533e+005
   0.529  5.919e+005
  0.5295  6.277e+005
    0.53  6.599e+005
  0.5305  6.886e+005
  0.5309  7.136e+005
  0.5314  7.356e+005
  0.5319  7.546e+005
  0.5324  7.711e+005
  0.5329  7.85e+005
  0.5334  7.96e+005
  0.5339  8.041e+005
  0.5344  8.097e+005
  0.5348  8.124e+005
  0.5353  8.113e+005
  0.5358  8.057e+005
  0.5363  7.948e+005
  0.5368  7.778e+005
  0.5373  7.552e+005
  0.5378  7.285e+005
  0.5383  6.991e+005
  0.5388  6.684e+005
  0.5392  6.375e+005
  0.5397  6.076e+005
  0.5402  5.793e+005
  0.5407  5.538e+005
  0.5412  5.319e+005
  0.5417  5.143e+005
  0.5422  5.017e+005
  0.5427  4.939e+005
  0.5431  4.907e+005
  0.5436  4.917e+005
  0.5441  4.964e+005
  0.5446  5.037e+005
  0.5451  5.124e+005
  0.5456  5.215e+005
  0.5461  5.31e+005
  0.5466  5.41e+005
   0.547  5.518e+005
  0.5475  5.637e+005
   0.548  5.768e+005
  0.5485  5.896e+005
   0.549  6.02e+005
  0.5495  6.129e+005
    0.55  6.224e+005
  0.5505  6.304e+005
   0.551  6.376e+005
  0.5514  6.444e+005
  0.5519  6.502e+005
  0.5524  6.549e+005
  0.5529  6.582e+005
  0.5534  6.592e+005
  0.5539  6.584e+005
  0.5544  6.557e+005
  0.5549  6.516e+005
  0.5553  6.463e+005
  0.5558  6.401e+005
  0.5563  6.329e+005
  0.5568  6.245e+005
  0.5573  6.151e+005
  0.5578  6.029e+005
  0.5583  5.869e+005
  0.5588  5.667e+005
  0.5592  5.425e+005
  0.5597  5.154e+005
  0.5602  4.87e+005
  0.5607  4.582e+005
  0.5612  4.285e+005
  0.5617  3.974e+005
  0.5622  3.633e+005
  0.5627  3.264e+005
  0.5632  2.871e+005
  0.5636  2.461e+005
  0.5641  2.044e+005
  0.5646  1.619e+005
  0.5651  1.183e+005
  0.5656  7.388e+004
  0.5661  2.872e+004
  0.5666 -1.689e+004
  0.5671 -6.285e+004
  0.5675 -1.098e+005
   0.568 -1.586e+005
  0.5685 -2.094e+005
   0.569 -2.618e+005
  0.5695 -3.144e+005
    0.57 -3.655e+005
  0.5705 -4.131e+005
   0.571 -4.56e+005
  0.5714 -4.942e+005
  0.5719 -5.285e+005
  0.5724 -5.602e+005
  0.5729 -5.896e+005
  0.5734 -6.17e+005
  0.5739 -6.412e+005
  0.5744 -6.612e+005
  0.5749 -6.765e+005
  0.5754 -6.87e+005
  0.5758 -6.942e+005
  0.5763 -7.002e+005
  0.5768 -7.066e+005
  0.5773 -7.143e+005
  0.5778 -7.231e+005
  0.5783 -7.318e+005
  0.5788 -7.401e+005
  0.5793 -7.47e+005
  0.5797 -7.526e+005
  0.5802 -7.56e+005
  0.5807 -7.562e+005
  0.5812 -7.526e+005
  0.5817 -7.446e+005
  0.5822 -7.322e+005
  0.5827 -7.162e+005
  0.5832 -6.961e+005
  0.5836 -6.712e+005
  0.5841 -6.401e+005
  0.5846 -6.013e+005
  0.5851 -5.549e+005
  0.5856 -5.027e+005
  0.5861 -4.466e+005
  0.5866 -3.883e+005
  0.5871 -3.286e+005
  0.5876 -2.675e+005
   0.588 -2.046e+005
  0.5885 -1.399e+005
   0.589 -7.453e+004
  0.5895 -1.027e+004
    0.59  5.128e+004
  0.5905  1.083e+005
   0.591  1.596e+005
  0.5915  2.045e+005
  0.5919  2.425e+005
  0.5924  2.733e+005
  0.5929  2.962e+005
  0.5934  3.117e+005
  0.5939  3.201e+005
  0.5944  3.225e+005
  0.5949  3.203e+005
  0.5954  3.142e+005
  0.5958  3.042e+005
  0.5963  2.918e+005
  0.5968  2.776e+005
  0.5973  2.632e+005
  0.5978  2.505e+005
  0.5983  2.406e+005
  0.5988  2.334e+005
  0.5993  2.283e+005
  0.5998  2.242e+005
  0.6002  2.203e+005
  0.6007  2.157e+005
  0.6012  2.108e+005
  0.6017  2.053e+005
  0.6022  1.992e+005
  0.6027  1.921e+005
  0.6032  1.841e+005
  0.6037  1.755e+005
  0.6041  1.665e+005
  0.6046  1.571e+005
  0.6051  1.465e+005
  0.6056  1.339e+005
  0.6061  1.189e+005
  0.6066  1.026e+005
  0.6071  8.646e+004
  0.6076  7.274e+004
   0.608  6.233e+004
  0.6085  5.525e+004
   0.609  5.019e+004
  0.6095  4.626e+004
    0.61  4.316e+004
  0.6105  4.19e+004
   0.611  4.417e+004
  0.6115  5.04e+004
   0.612  6.072e+004
  0.6124  7.335e+004
  0.6129  8.749e+004
  0.6134  1.019e+005
  0.6139  1.164e+005
  0.6144  1.306e+005
  0.6149  1.435e+005
  0.6154  1.543e+005
  0.6159  1.619e+005
  0.6163  1.659e+005
  0.6168  1.671e+005
  0.6173  1.671e+005
  0.6178  1.67e+005
  0.6183  1.675e+005
  0.6188  1.686e+005
  0.6193  1.696e+005
  0.6198  1.699e+005
  0.6202  1.701e+005
  0.6207  1.707e+005
  0.6212  1.728e+005
  0.6217  1.761e+005
  0.6222  1.795e+005
  0.6227  1.816e+005
  0.6232  1.804e+005
  0.6237  1.747e+005
  0.6242  1.642e+005
  0.6246  1.49e+005
  0.6251  1.3e+005
  0.6256  1.08e+005
  0.6261  8.368e+004
  0.6266  5.811e+004
  0.6271  3.208e+004
  0.6276     6268
  0.6281 -1.956e+004
  0.6285 -4.533e+004
   0.629 -7.12e+004
  0.6295 -9.711e+004
    0.63 -1.222e+005
  0.6305 -1.45e+005
   0.631 -1.643e+005
  0.6315 -1.8e+005
   0.632 -1.925e+005
  0.6324 -2.032e+005
  0.6329 -2.133e+005
  0.6334 -2.233e+005
  0.6339 -2.33e+005
  0.6344 -2.417e+005
  0.6349 -2.489e+005
  0.6354 -2.545e+005
  0.6359 -2.59e+005
  0.6364 -2.63e+005
  0.6368 -2.681e+005
  0.6373 -2.745e+005
  0.6378 -2.83e+005
  0.6383 -2.937e+005
  0.6388 -3.065e+005
  0.6393 -3.209e+005
  0.6398 -3.361e+005
  0.6403 -3.505e+005
  0.6407 -3.639e+005
  0.6412 -3.764e+005
  0.6417 -3.885e+005
  0.6422 -4.013e+005
  0.6427 -4.157e+005
  0.6432 -4.313e+005
  0.6437 -4.473e+005
  0.6442 -4.62e+005
  0.6446 -4.742e+005
  0.6451 -4.834e+005
  0.6456 -4.902e+005
  0.6461 -4.953e+005
  0.6466 -4.995e+005
  0.6471 -5.024e+005
  0.6476 -5.037e+005
  0.6481 -5.028e+005
  0.6486 -4.995e+005
   0.649 -4.941e+005
  0.6495 -4.868e+005
    0.65 -4.779e+005
  0.6505 -4.674e+005
   0.651 -4.555e+005
  0.6515 -4.425e+005
   0.652 -4.293e+005
  0.6525 -4.161e+005
  0.6529 -4.027e+005
  0.6534 -3.878e+005
  0.6539 -3.696e+005
  0.6544 -3.468e+005
  0.6549 -3.188e+005
  0.6554 -2.865e+005
  0.6559 -2.512e+005
  0.6564 -2.14e+005
  0.6568 -1.753e+005
  0.6573 -1.353e+005
  0.6578 -9.428e+004
  0.6583 -5.297e+004
  0.6588 -1.242e+004
  0.6593  2.583e+004
  0.6598  6.058e+004
  0.6603  9.178e+004
  0.6608  1.192e+005
  0.6612  1.434e+005
  0.6617  1.641e+005
  0.6622  1.815e+005
  0.6627  1.96e+005
  0.6632  2.085e+005
  0.6637  2.198e+005
  0.6642  2.306e+005
  0.6647  2.405e+005
  0.6651  2.49e+005
  0.6656  2.559e+005
  0.6661  2.614e+005
  0.6666  2.667e+005
  0.6671  2.729e+005
  0.6676  2.803e+005
  0.6681  2.888e+005
  0.6686  2.98e+005
   0.669  3.071e+005
  0.6695  3.151e+005
    0.67  3.225e+005
  0.6705  3.294e+005
   0.671  3.359e+005
  0.6715  3.422e+005
   0.672  3.48e+005
  0.6725  3.53e+005
   0.673  3.573e+005
  0.6734  3.608e+005
  0.6739  3.635e+005
  0.6744  3.651e+005
  0.6749  3.647e+005
  0.6754  3.623e+005
  0.6759  3.579e+005
  0.6764  3.527e+005
  0.6769  3.473e+005
  0.6773  3.421e+005
  0.6778  3.376e+005
  0.6783  3.322e+005
  0.6788  3.25e+005
  0.6793  3.156e+005
  0.6798  3.044e+005
  0.6803  2.932e+005
  0.6808  2.836e+005
  0.6812  2.765e+005
  0.6817  2.717e+005
  0.6822  2.681e+005
  0.6827  2.647e+005
  0.6832  2.609e+005
  0.6837  2.568e+005
  0.6842  2.531e+005
  0.6847  2.497e+005
  0.6852  2.465e+005
  0.6856  2.425e+005
  0.6861  2.368e+005
  0.6866  2.295e+005
  0.6871  2.208e+005
  0.6876  2.112e+005
  0.6881  2.011e+005
  0.6886  1.9e+005
  0.6891  1.78e+005
  0.6895  1.651e+005
    0.69  1.523e+005
  0.6905  1.41e+005
   0.691  1.321e+005
  0.6915  1.259e+005
   0.692  1.213e+005
  0.6925  1.166e+005
   0.693  1.105e+005
  0.6934  1.036e+005
  0.6939  9.661e+004
  0.6944  9.126e+004
  0.6949  8.832e+004
  0.6954  8.776e+004
  0.6959  8.88e+004
  0.6964  9.046e+004
  0.6969  9.181e+004
  0.6974  9.298e+004
  0.6978  9.361e+004
  0.6983  9.414e+004
  0.6988  9.475e+004
  0.6993  9.461e+004
  0.6998  9.375e+004
  0.7003  9.188e+004
  0.7008  8.887e+004
  0.7013  8.469e+004
  0.7017  7.927e+004
  0.7022  7.205e+004
  0.7027  6.275e+004
  0.7032  5.196e+004
  0.7037  4.103e+004
  0.7042  3.104e+004
  0.7047  2.299e+004
  0.7052  1.674e+004
  0.7056  1.161e+004
  0.7061     5711
  0.7066    -1986
  0.7071 -1.116e+004
  0.7076 -2.134e+004
  0.7081 -3.134e+004
  0.7086 -4.056e+004
  0.7091 -4.912e+004
  0.7096 -5.757e+004
    0.71 -6.606e+004
  0.7105 -7.476e+004
   0.711 -8.352e+004
  0.7115 -9.197e+004
   0.712 -9.967e+004
  0.7125 -1.063e+005
   0.713 -1.115e+005
  0.7135 -1.144e+005
  0.7139 -1.148e+005
  0.7144 -1.126e+005
  0.7149 -1.088e+005
  0.7154 -1.044e+005
  0.7159 -1.011e+005
  0.7164 -9.938e+004
  0.7169 -9.967e+004
  0.7174 -1.013e+005
  0.7178 -1.041e+005
  0.7183 -1.084e+005
  0.7188 -1.148e+005
  0.7193 -1.233e+005
  0.7198 -1.344e+005
  0.7203 -1.478e+005
  0.7208 -1.636e+005
  0.7213 -1.806e+005
  0.7218 -1.994e+005
  0.7222 -2.196e+005
  0.7227 -2.408e+005
  0.7232 -2.619e+005
  0.7237 -2.821e+005
  0.7242 -3.007e+005
  0.7247 -3.173e+005
  0.7252 -3.321e+005
  0.7257 -3.455e+005
  0.7261 -3.57e+005
  0.7266 -3.657e+005
  0.7271 -3.708e+005
  0.7276 -3.72e+005
  0.7281 -3.695e+005
  0.7286 -3.647e+005
  0.7291 -3.594e+005
  0.7296 -3.547e+005
    0.73 -3.504e+005
  0.7305 -3.457e+005
   0.731 -3.394e+005
  0.7315 -3.303e+005
   0.732 -3.183e+005
  0.7325 -3.04e+005
   0.733 -2.878e+005
  0.7335 -2.698e+005
   0.734 -2.497e+005
  0.7344 -2.276e+005
  0.7349 -2.032e+005
  0.7354 -1.77e+005
  0.7359 -1.492e+005
  0.7364 -1.207e+005
  0.7369 -9.156e+004
  0.7374 -6.221e+004
  0.7379 -3.407e+004
  0.7383    -7839
  0.7388  1.493e+004
  0.7393  3.415e+004
  0.7398  5.085e+004
  0.7403  6.686e+004
  0.7408  8.394e+004
  0.7413  1.024e+005
  0.7418  1.218e+005
  0.7422  1.407e+005
  0.7427  1.585e+005
  0.7432  1.749e+005
  0.7437  1.899e+005
  0.7442  2.046e+005
  0.7447  2.188e+005
  0.7452  2.326e+005
  0.7457  2.455e+005
  0.7462  2.576e+005
  0.7466  2.685e+005
  0.7471  2.783e+005
  0.7476  2.865e+005
  0.7481  2.926e+005
  0.7486  2.959e+005
  0.7491  2.965e+005
  0.7496  2.951e+005
  0.7501  2.927e+005
  0.7505  2.897e+005
   0.751  2.865e+005
  0.7515  2.826e+005
   0.752  2.779e+005
  0.7525  2.717e+005
   0.753  2.642e+005
  0.7535  2.565e+005
   0.754  2.495e+005
  0.7544  2.444e+005
  0.7549  2.41e+005
  0.7554  2.394e+005
  0.7559  2.386e+005
  0.7564  2.376e+005
  0.7569  2.358e+005
  0.7574  2.325e+005
  0.7579  2.272e+005
  0.7584  2.196e+005
  0.7588  2.099e+005
  0.7593  1.978e+005
  0.7598  1.84e+005
  0.7603  1.687e+005
  0.7608  1.519e+005
  0.7613  1.332e+005
  0.7618  1.128e+005
  0.7623  9.015e+004
  0.7627  6.651e+004
  0.7632  4.274e+004
  0.7637  1.964e+004
  0.7642    -1700
  0.7647 -2.124e+004
  0.7652 -3.95e+004
  0.7657 -5.711e+004
  0.7662 -7.466e+004
  0.7666 -9.256e+004
  0.7671 -1.11e+005
  0.7676 -1.292e+005
  0.7681 -1.47e+005
  0.7686 -1.637e+005
  0.7691 -1.792e+005
  0.7696 -1.935e+005
  0.7701 -2.068e+005
  0.7706 -2.195e+005
   0.771 -2.32e+005
  0.7715 -2.452e+005
   0.772 -2.587e+005
  0.7725 -2.721e+005
   0.773 -2.847e+005
  0.7735 -2.959e+005
   0.774 -3.048e+005
  0.7745 -3.119e+005
  0.7749 -3.173e+005
  0.7754 -3.21e+005
  0.7759 -3.235e+005
  0.7764 -3.244e+005
  0.7769 -3.232e+005
  0.7774 -3.197e+005
  0.7779 -3.144e+005
  0.7784 -3.076e+005
  0.7788 -2.998e+005
  0.7793 -2.911e+005
  0.7798 -2.823e+005
  0.7803 -2.733e+005
  0.7808 -2.641e+005
  0.7813 -2.555e+005
  0.7818 -2.474e+005
  0.7823 -2.394e+005
  0.7828 -2.304e+005
  0.7832 -2.194e+005
  0.7837 -2.056e+005
  0.7842 -1.89e+005
  0.7847 -1.699e+005
  0.7852 -1.491e+005
  0.7857 -1.276e+005
  0.7862 -1.057e+005
  0.7867 -8.361e+004
  0.7871 -6.109e+004
  0.7876 -3.816e+004
  0.7881 -1.512e+004
  0.7886     7382
  0.7891  2.854e+004
  0.7896  4.807e+004
  0.7901  6.548e+004
  0.7906  8.147e+004
   0.791  9.573e+004
  0.7915  1.089e+005
   0.792  1.212e+005
  0.7925  1.327e+005
   0.793  1.441e+005
  0.7935  1.548e+005
   0.794  1.652e+005
  0.7945  1.746e+005
   0.795  1.83e+005
  0.7954  1.901e+005
  0.7959  1.957e+005
  0.7964  2.001e+005
  0.7969  2.036e+005
  0.7974  2.066e+005
  0.7979  2.095e+005
  0.7984  2.122e+005
  0.7989  2.143e+005
  0.7993  2.149e+005
  0.7998  2.135e+005
  0.8003  2.102e+005
  0.8008  2.057e+005
  0.8013  2.001e+005
  0.8018  1.944e+005
  0.8023  1.881e+005
  0.8028  1.803e+005
  0.8032  1.706e+005
  0.8037  1.589e+005
  0.8042  1.458e+005
  0.8047  1.319e+005
  0.8052  1.174e+005
  0.8057  1.028e+005
  0.8062  8.776e+004
  0.8067  7.257e+004
  0.8072  5.839e+004
  0.8076  4.519e+004
  0.8081  3.359e+004
  0.8086  2.371e+004
  0.8091  1.48e+004
  0.8096     6329
  0.8101    -1450
  0.8106    -7839
  0.8111 -1.221e+004
  0.8115 -1.404e+004
   0.812 -1.356e+004
  0.8125 -1.088e+004
   0.813    -6874
  0.8135    -1880
   0.814     3954
  0.8145  1.064e+004
   0.815  1.801e+004
  0.8154  2.575e+004
  0.8159  3.353e+004
  0.8164  4.126e+004
  0.8169  4.881e+004
  0.8174  5.59e+004
  0.8179  6.182e+004
  0.8184  6.587e+004
  0.8189  6.784e+004
  0.8194  6.753e+004
  0.8198  6.582e+004
  0.8203  6.411e+004
  0.8208  6.344e+004
  0.8213  6.44e+004
  0.8218  6.737e+004
  0.8223  7.158e+004
  0.8228  7.63e+004
  0.8233  8.127e+004
  0.8237  8.646e+004
  0.8242  9.174e+004
  0.8247  9.687e+004
  0.8252  1.016e+005
  0.8257  1.056e+005
  0.8262  1.081e+005
  0.8267  1.088e+005
  0.8272  1.074e+005
  0.8276  1.044e+005
  0.8281  9.951e+004
  0.8286  9.229e+004
  0.8291  8.278e+004
  0.8296  7.031e+004
  0.8301  5.609e+004
  0.8306  3.976e+004
  0.8311  2.288e+004
  0.8316     5820
   0.832 -1.154e+004
  0.8325 -2.922e+004
   0.833 -4.736e+004
  0.8335 -6.576e+004
   0.834 -8.38e+004
  0.8345 -1.004e+005
   0.835 -1.15e+005
  0.8355 -1.276e+005
  0.8359 -1.383e+005
  0.8364 -1.479e+005
  0.8369 -1.566e+005
  0.8374 -1.646e+005
  0.8379 -1.719e+005
  0.8384 -1.783e+005
  0.8389 -1.835e+005
  0.8394 -1.872e+005
  0.8398 -1.888e+005
  0.8403 -1.877e+005
  0.8408 -1.836e+005
  0.8413 -1.759e+005
  0.8418 -1.651e+005
  0.8423 -1.513e+005
  0.8428 -1.352e+005
  0.8433 -1.174e+005
  0.8438 -9.828e+004
  0.8442 -7.79e+004
  0.8447 -5.632e+004
  0.8452 -3.402e+004
  0.8457 -1.204e+004
  0.8462     8601
  0.8467  2.698e+004
  0.8472  4.228e+004
  0.8477  5.437e+004
  0.8481  6.446e+004
  0.8486  7.279e+004
  0.8491  8.007e+004
  0.8496  8.599e+004
  0.8501  9.076e+004
  0.8506  9.409e+004
  0.8511  9.683e+004
  0.8516  9.932e+004
   0.852  1.019e+005
  0.8525  1.052e+005
   0.853  1.089e+005
  0.8535  1.136e+005
   0.854  1.193e+005
  0.8545  1.265e+005
   0.855  1.356e+005
  0.8555  1.469e+005
   0.856  1.594e+005
  0.8564  1.722e+005
  0.8569  1.846e+005
  0.8574  1.949e+005
  0.8579  2.036e+005
  0.8584  2.102e+005
  0.8589  2.15e+005
  0.8594  2.176e+005
  0.8599  2.177e+005
  0.8603  2.142e+005
  0.8608  2.076e+005
  0.8613  1.985e+005
  0.8618  1.879e+005
  0.8623  1.769e+005
  0.8628  1.653e+005
  0.8633  1.53e+005
  0.8638  1.406e+005
  0.8642  1.282e+005
  0.8647  1.171e+005
  0.8652  1.082e+005
  0.8657  1.015e+005
  0.8662  9.598e+004
  0.8667  9.09e+004
  0.8672  8.583e+004
  0.8677  8.07e+004
  0.8682  7.593e+004
  0.8686  7.199e+004
  0.8691  6.854e+004
  0.8696  6.456e+004
  0.8701  5.857e+004
  0.8706  4.988e+004
  0.8711  3.87e+004
  0.8716  2.569e+004
  0.8721  1.18e+004
  0.8725    -2189
   0.873 -1.622e+004
  0.8735 -3.031e+004
   0.874 -4.477e+004
  0.8745 -5.911e+004
   0.875 -7.292e+004
  0.8755 -8.581e+004
   0.876 -9.713e+004
  0.8764 -1.071e+005
  0.8769 -1.157e+005
  0.8774 -1.235e+005
  0.8779 -1.306e+005
  0.8784 -1.368e+005
  0.8789 -1.419e+005
  0.8794 -1.46e+005
  0.8799 -1.498e+005
  0.8804 -1.534e+005
  0.8808 -1.574e+005
  0.8813 -1.609e+005
  0.8818 -1.634e+005
  0.8823 -1.641e+005
  0.8828 -1.63e+005
  0.8833 -1.6e+005
  0.8838 -1.558e+005
  0.8843 -1.502e+005
  0.8847 -1.433e+005
  0.8852 -1.35e+005
  0.8857 -1.256e+005
  0.8862 -1.156e+005
  0.8867 -1.059e+005
  0.8872 -9.747e+004
  0.8877 -9.045e+004
  0.8882 -8.471e+004
  0.8886 -7.941e+004
  0.8891 -7.466e+004
  0.8896 -7.049e+004
  0.8901 -6.808e+004
  0.8906 -6.816e+004
  0.8911 -7.032e+004
  0.8916 -7.342e+004
  0.8921 -7.594e+004
  0.8926 -7.728e+004
   0.893 -7.742e+004
  0.8935 -7.719e+004
   0.894 -7.744e+004
  0.8945 -7.791e+004
   0.895 -7.815e+004
  0.8955 -7.718e+004
   0.896 -7.466e+004
  0.8965 -7.069e+004
  0.8969 -6.588e+004
  0.8974 -6.047e+004
  0.8979 -5.423e+004
  0.8984 -4.645e+004
  0.8989 -3.756e+004
  0.8994 -2.766e+004
  0.8999 -1.806e+004
  0.9004 -1.078e+004
  0.9008    -5125
  0.9013     -770
  0.9018     3623
  0.9023     8823
  0.9028  1.484e+004
  0.9033  2.012e+004
  0.9038  2.465e+004
  0.9043  2.802e+004
  0.9048  3.119e+004
  0.9052  3.511e+004
  0.9057  3.996e+004
  0.9062  4.595e+004
  0.9067  5.223e+004
  0.9072  5.794e+004
  0.9077  6.295e+004
  0.9082  6.713e+004
  0.9087  7.031e+004
  0.9091  7.207e+004
  0.9096  7.181e+004
  0.9101  6.894e+004
  0.9106  6.286e+004
  0.9111  5.464e+004
  0.9116  4.512e+004
  0.9121  3.547e+004
  0.9126  2.598e+004
   0.913  1.631e+004
  0.9135     5756
   0.914    -6151
  0.9145 -1.848e+004
   0.915 -3.001e+004
  0.9155 -3.978e+004
   0.916 -4.669e+004
  0.9165 -5.161e+004
   0.917 -5.509e+004
  0.9174 -5.792e+004
  0.9179 -6.053e+004
  0.9184 -6.249e+004
  0.9189 -6.363e+004
  0.9194 -6.365e+004
  0.9199 -6.302e+004
  0.9204 -6.199e+004
  0.9209 -6.069e+004
  0.9213 -5.881e+004
  0.9218 -5.621e+004
  0.9223 -5.322e+004
  0.9228 -4.995e+004
  0.9233 -4.726e+004
  0.9238 -4.5e+004
  0.9243 -4.299e+004
  0.9248 -4.056e+004
  0.9252 -3.642e+004
  0.9257 -3.094e+004
  0.9262 -2.456e+004
  0.9267 -1.805e+004
  0.9272 -1.301e+004
  0.9277    -9753
  0.9282    -8080
  0.9287    -7724
  0.9292    -7704
  0.9296    -7731
  0.9301    -8139
  0.9306    -8852
  0.9311 -1.013e+004
  0.9316 -1.23e+004
  0.9321 -1.476e+004
  0.9326 -1.695e+004
  0.9331 -1.879e+004
  0.9335 -1.933e+004
   0.934 -1.843e+004
  0.9345 -1.572e+004
   0.935 -1.123e+004
  0.9355    -5334
   0.936     1611
  0.9365     8804
   0.937  1.506e+004
  0.9374  2.004e+004
  0.9379  2.304e+004
  0.9384  2.431e+004
  0.9389  2.47e+004
  0.9394  2.363e+004
  0.9399  2.166e+004
  0.9404  1.847e+004
  0.9409  1.345e+004
  0.9414     6533
  0.9418    -1877
  0.9423 -1.143e+004
  0.9428 -2.146e+004
  0.9433 -3.135e+004
  0.9438 -4.081e+004
  0.9443 -4.957e+004
  0.9448 -5.808e+004
  0.9453 -6.594e+004
  0.9457 -7.301e+004
  0.9462 -7.959e+004
  0.9467 -8.58e+004
  0.9472 -9.211e+004
  0.9477 -9.875e+004
  0.9482 -1.051e+005
  0.9487 -1.107e+005
  0.9492 -1.153e+005
  0.9496 -1.185e+005
  0.9501 -1.205e+005
  0.9506 -1.22e+005
  0.9511 -1.234e+005
  0.9516 -1.247e+005
  0.9521 -1.257e+005
  0.9526 -1.253e+005
  0.9531 -1.236e+005
  0.9536 -1.197e+005
   0.954 -1.146e+005
  0.9545 -1.094e+005
   0.955 -1.045e+005
  0.9555 -9.944e+004
   0.956 -9.474e+004
  0.9565 -8.954e+004
   0.957 -8.365e+004
  0.9575 -7.789e+004
  0.9579 -7.296e+004
  0.9584 -6.939e+004
  0.9589 -6.684e+004
  0.9594 -6.468e+004
  0.9599 -6.123e+004
  0.9604 -5.557e+004
  0.9609 -4.762e+004
  0.9614 -3.834e+004
  0.9618 -2.854e+004
  0.9623 -1.858e+004
  0.9628    -8104
  0.9633     3565
  0.9638  1.701e+004
  0.9643  3.138e+004
  0.9648  4.622e+004
  0.9653  5.992e+004
  0.9658  7.193e+004
  0.9662  8.25e+004
  0.9667  9.176e+004
  0.9672  1.003e+005
  0.9677  1.082e+005
  0.9682  1.148e+005
  0.9687  1.199e+005
  0.9692  1.237e+005
  0.9697  1.277e+005
  0.9701  1.33e+005
  0.9706  1.409e+005
  0.9711  1.506e+005
  0.9716  1.609e+005
  0.9721  1.712e+005
  0.9726  1.806e+005
  0.9731  1.894e+005
  0.9736  1.985e+005
   0.974  2.073e+005
  0.9745  2.155e+005
   0.975  2.222e+005
  0.9755  2.261e+005
   0.976  2.27e+005
  0.9765  2.256e+005
   0.977  2.217e+005
  0.9775  2.164e+005
   0.978  2.095e+005
  0.9784  2.007e+005
  0.9789  1.903e+005
  0.9794  1.785e+005
  0.9799  1.663e+005
  0.9804  1.54e+005
  0.9809  1.414e+005
  0.9814  1.285e+005
  0.9819  1.147e+005
  0.9823  9.953e+004
  0.9828  8.335e+004
  0.9833  6.683e+004
  0.9838  5.034e+004
  0.9843  3.463e+004
  0.9848  1.98e+004
  0.9853     5557
  0.9858    -8004
  0.9862 -2.098e+004
  0.9867 -3.342e+004
  0.9872 -4.465e+004
  0.9877 -5.496e+004
  0.9882 -6.381e+004
  0.9887 -7.132e+004
  0.9892 -7.737e+004
  0.9897 -8.176e+004
  0.9902 -8.499e+004
  0.9906 -8.731e+004
  0.9911 -8.856e+004
  0.9916 -8.9e+004
  0.9921 -8.848e+004
  0.9926 -8.732e+004
  0.9931 -8.567e+004
  0.9936 -8.315e+004
  0.9941 -8.038e+004
  0.9945 -7.775e+004
   0.995 -7.562e+004
  0.9955 -7.486e+004
   0.996 -7.547e+004
  0.9965 -7.729e+004
   0.997 -7.984e+004
  0.9975 -8.293e+004
   0.998 -8.59e+004
  0.9984 -8.857e+004
  0.9989 -9.072e+004
  0.9994 -9.198e+004
  0.9999 -9.246e+004
       1 -9.17e+004
   1.001 -8.921e+004
   1.001 -8.523e+004
   1.002 -7.936e+004
   1.002 -7.181e+004
   1.003 -6.306e+004
   1.003 -5.366e+004
   1.004 -4.368e+004
   1.004 -3.347e+004
   1.005 -2.329e+004
   1.005 -1.279e+004
   1.006    -1857
   1.006     9422
   1.007  2.065e+004
   1.007  3.142e+004
   1.008  4.094e+004
   1.008  4.919e+004
   1.009  5.653e+004
   1.009  6.328e+004
    1.01  6.913e+004
    1.01  7.429e+004
   1.011  7.85e+004
   1.011  8.146e+004
   1.012  8.319e+004
   1.012  8.337e+004
   1.013  8.281e+004
   1.013  8.098e+004
   1.014  7.862e+004
   1.014  7.516e+004
   1.015  7.058e+004
   1.015  6.486e+004
   1.016  5.793e+004
   1.016  5.048e+004
   1.017  4.287e+004
   1.017  3.545e+004
   1.017  2.797e+004
   1.018  2.073e+004
   1.018  1.39e+004
   1.019     7896
   1.019     3656
    1.02     1973
    1.02     3333
   1.021     7650
   1.021  1.477e+004
   1.022  2.326e+004
   1.022  3.216e+004
   1.023  4.209e+004
   1.023  5.244e+004
   1.024  6.342e+004
   1.024  7.49e+004
   1.025  8.633e+004
   1.025  9.645e+004
   1.026  1.044e+005
   1.026  1.099e+005
   1.027  1.126e+005
   1.027  1.136e+005
   1.028  1.132e+005
   1.028  1.111e+005
   1.029  1.078e+005
   1.029  1.037e+005
    1.03  9.897e+004
    1.03  9.482e+004
   1.031  9.137e+004
   1.031  8.849e+004
   1.032  8.53e+004
   1.032  8.088e+004
   1.033  7.552e+004
   1.033  6.945e+004
   1.034  6.462e+004
   1.034  6.245e+004
   1.035  6.252e+004
   1.035  6.432e+004
   1.036  6.591e+004
   1.036  6.614e+004
   1.037  6.488e+004
   1.037  6.239e+004
   1.037  5.985e+004
   1.038  5.773e+004
   1.038  5.65e+004
   1.039  5.439e+004
   1.039  5.056e+004
    1.04  4.426e+004
    1.04  3.568e+004
   1.041  2.541e+004
   1.041  1.483e+004
   1.042     4158
   1.042    -5832
   1.043 -1.48e+004
   1.043 -2.278e+004
   1.044 -2.986e+004
   1.044 -3.59e+004
   1.045 -4.169e+004
   1.045 -4.696e+004
   1.046 -5.237e+004
   1.046 -5.775e+004
   1.047 -6.346e+004
   1.047 -6.868e+004
   1.048 -7.376e+004
   1.048 -7.804e+004
   1.049 -8.108e+004
   1.049 -8.295e+004
    1.05 -8.425e+004
    1.05 -8.467e+004
   1.051 -8.473e+004
   1.051 -8.421e+004
   1.052 -8.293e+004
   1.052 -8.054e+004
   1.053 -7.683e+004
   1.053 -7.203e+004
   1.054 -6.654e+004
   1.054 -6.169e+004
   1.055 -5.936e+004
   1.055 -6.016e+004
   1.056 -6.379e+004
   1.056 -6.875e+004
   1.057 -7.359e+004
   1.057 -7.749e+004
   1.057 -8.015e+004
   1.058 -8.207e+004
   1.058 -8.427e+004
   1.059 -8.729e+004
   1.059 -9.108e+004
    1.06 -9.493e+004
    1.06 -9.763e+004
   1.061 -9.799e+004
   1.061 -9.523e+004
   1.062 -8.954e+004
   1.062 -8.222e+004
   1.063 -7.394e+004
   1.063 -6.474e+004
   1.064 -5.476e+004
   1.064 -4.384e+004
   1.065 -3.184e+004
   1.065 -1.928e+004
   1.066    -6002
   1.066     8059
   1.067  2.291e+004
   1.067  3.838e+004
   1.068  5.381e+004
   1.068  6.77e+004
   1.069  7.91e+004
   1.069  8.748e+004
    1.07  9.293e+004
    1.07  9.675e+004
   1.071  1.005e+005
   1.071  1.052e+005
   1.072  1.1e+005
   1.072  1.131e+005
   1.073  1.14e+005
   1.073  1.116e+005
   1.074  1.072e+005
   1.074  1.022e+005
   1.075  9.782e+004
   1.075  9.444e+004
   1.076  9.161e+004
   1.076  8.835e+004
   1.077  8.393e+004
   1.077  7.85e+004
   1.078  7.284e+004
   1.078  6.663e+004
   1.078  6.009e+004
   1.079  5.258e+004
   1.079  4.433e+004
    1.08  3.59e+004
    1.08  2.835e+004
   1.081  2.202e+004
   1.081  1.684e+004
   1.082  1.153e+004
   1.082     4709
   1.083    -4179
   1.083 -1.444e+004
   1.084 -2.418e+004
   1.084 -3.207e+004
   1.085 -3.727e+004
   1.085 -4.068e+004
   1.086 -4.336e+004
   1.086 -4.616e+004
   1.087 -4.972e+004
   1.087 -5.294e+004
   1.088 -5.573e+004
   1.088 -5.712e+004
   1.089 -5.727e+004
   1.089 -5.55e+004
    1.09 -5.209e+004
    1.09 -4.647e+004
   1.091 -3.882e+004
   1.091 -3.02e+004
   1.092 -2.239e+004
   1.092 -1.631e+004
   1.093 -1.224e+004
   1.093    -9434
   1.094    -5353
   1.094      717
   1.095     9161
   1.095  1.771e+004
   1.096  2.449e+004
   1.096  2.791e+004
   1.097  2.819e+004
   1.097  2.672e+004
   1.098  2.534e+004
   1.098  2.531e+004
   1.098  2.635e+004
   1.099  2.778e+004
   1.099  2.848e+004
     1.1  2.789e+004
     1.1  2.6e+004
   1.101  2.312e+004
   1.101  1.971e+004
   1.102  1.574e+004
   1.102  1.14e+004
   1.103     6935
   1.103     3486
   1.104      670
   1.104     -916
   1.105    -1814
   1.105    -3691
   1.106    -6572
   1.106 -1.054e+004
   1.107 -1.447e+004
   1.107 -1.69e+004
   1.108 -1.676e+004
   1.108 -1.554e+004
   1.109 -1.347e+004
   1.109 -1.259e+004
    1.11 -1.369e+004
    1.11 -1.696e+004
   1.111 -2.154e+004
   1.111 -2.584e+004
   1.112 -2.869e+004
   1.112 -2.973e+004
   1.113 -2.92e+004
   1.113 -2.764e+004
   1.114 -2.531e+004
   1.114 -2.215e+004
   1.115 -1.761e+004
   1.115 -1.17e+004
   1.116    -4430
   1.116     3832
   1.117  1.263e+004
   1.117  2.203e+004
   1.118  3.168e+004
   1.118  4.098e+004
   1.118  4.941e+004
   1.119  5.559e+004
   1.119  5.899e+004
    1.12  5.933e+004
    1.12  5.742e+004
   1.121  5.447e+004
   1.121  5.194e+004
   1.122  5.02e+004
   1.122  4.89e+004
   1.123  4.745e+004
   1.123  4.455e+004
   1.124  3.949e+004
   1.124  3.284e+004
   1.125  2.521e+004
   1.125  1.735e+004
   1.126  1.029e+004
   1.126     4307
   1.127    -1172
   1.127    -6670
   1.128 -1.332e+004
   1.128 -2.119e+004
   1.129 -3.022e+004
   1.129 -3.959e+004
    1.13 -4.832e+004
    1.13 -5.578e+004
   1.131 -6.125e+004
   1.131 -6.537e+004
   1.132 -6.881e+004
   1.132 -7.253e+004
   1.133 -7.685e+004
   1.133 -8.212e+004
   1.134 -8.81e+004
   1.134 -9.432e+004
   1.135  -1e+005
   1.135 -1.046e+005
   1.136 -1.075e+005
   1.136 -1.093e+005
   1.137 -1.104e+005
   1.137 -1.115e+005
   1.138 -1.135e+005
   1.138 -1.161e+005
   1.139 -1.192e+005
   1.139 -1.218e+005
   1.139 -1.232e+005
    1.14 -1.227e+005
    1.14 -1.212e+005
   1.141 -1.193e+005
   1.141 -1.176e+005
   1.142 -1.159e+005
   1.142 -1.14e+005
   1.143 -1.109e+005
   1.143 -1.055e+005
   1.144 -9.876e+004
   1.144 -9.018e+004
   1.145 -8.002e+004
   1.145 -6.865e+004
   1.146 -5.609e+004
   1.146 -4.287e+004
   1.147 -2.964e+004
   1.147 -1.724e+004
   1.148    -5661
   1.148     5020
   1.149  1.598e+004
   1.149  2.774e+004
    1.15  4.079e+004
    1.15  5.398e+004
   1.151  6.576e+004
   1.151  7.444e+004
   1.152  8.006e+004
   1.152  8.389e+004
   1.153  8.708e+004
   1.153  9.173e+004
   1.154  9.78e+004
   1.154  1.045e+005
   1.155  1.099e+005
   1.155  1.127e+005
   1.156  1.131e+005
   1.156  1.121e+005
   1.157  1.109e+005
   1.157  1.11e+005
   1.158  1.127e+005
   1.158  1.153e+005
   1.159  1.189e+005
   1.159  1.231e+005
   1.159  1.274e+005
    1.16  1.318e+005
    1.16  1.358e+005
   1.161  1.394e+005
   1.161  1.422e+005
   1.162  1.45e+005
   1.162  1.483e+005
   1.163  1.526e+005
   1.163  1.584e+005
   1.164  1.643e+005
   1.164  1.693e+005
   1.165  1.716e+005
   1.165  1.714e+005
   1.166  1.69e+005
   1.166  1.663e+005
   1.167  1.638e+005
   1.167  1.623e+005
   1.168  1.609e+005
   1.168  1.586e+005
   1.169  1.539e+005
   1.169  1.467e+005
    1.17  1.377e+005
    1.17  1.283e+005
   1.171  1.198e+005
   1.171  1.126e+005
   1.172  1.069e+005
   1.172  1.023e+005
   1.173  9.863e+004
   1.173  9.566e+004
   1.174  9.315e+004
   1.174  9.135e+004
   1.175  8.986e+004
   1.175  8.816e+004
   1.176  8.634e+004
   1.176  8.468e+004
   1.177  8.298e+004
   1.177  8.156e+004
   1.178  7.951e+004
   1.178  7.604e+004
   1.179  7.051e+004
   1.179  6.262e+004
   1.179  5.274e+004
    1.18  4.131e+004
    1.18  2.902e+004
   1.181  1.687e+004
   1.181     5225
   1.182    -5956
   1.182 -1.615e+004
   1.183 -2.622e+004
   1.183 -3.636e+004
   1.184 -4.663e+004
   1.184 -5.688e+004
   1.185 -6.735e+004
   1.185 -7.72e+004
   1.186 -8.596e+004
   1.186 -9.4e+004
   1.187 -1.006e+005
   1.187 -1.068e+005
   1.188 -1.132e+005
   1.188 -1.201e+005
   1.189 -1.272e+005
   1.189 -1.345e+005
    1.19 -1.411e+005
    1.19 -1.472e+005
   1.191 -1.525e+005
   1.191 -1.575e+005
   1.192 -1.624e+005
   1.192 -1.663e+005
   1.193 -1.696e+005
   1.193 -1.715e+005
   1.194 -1.726e+005
   1.194 -1.738e+005
   1.195 -1.749e+005
   1.195 -1.755e+005
   1.196 -1.742e+005
   1.196 -1.706e+005
   1.197 -1.65e+005
   1.197 -1.58e+005
   1.198 -1.521e+005
   1.198 -1.483e+005
   1.199 -1.464e+005
   1.199 -1.448e+005
     1.2 -1.425e+005
     1.2 -1.379e+005
     1.2 -1.321e+005
   1.201 -1.268e+005
   1.201 -1.23e+005
   1.202 -1.214e+005
   1.202 -1.211e+005
   1.203 -1.207e+005
   1.203 -1.186e+005
   1.204 -1.15e+005
   1.204 -1.102e+005
   1.205 -1.053e+005
   1.205 -1.005e+005
   1.206 -9.559e+004
   1.206 -8.995e+004
   1.207 -8.33e+004
   1.207 -7.66e+004
   1.208 -7.059e+004
   1.208 -6.594e+004
   1.209 -6.268e+004
   1.209 -5.924e+004
    1.21 -5.442e+004
    1.21 -4.792e+004
   1.211 -4.026e+004
   1.211 -3.298e+004
   1.212 -2.762e+004
   1.212 -2.45e+004
   1.213 -2.232e+004
   1.213 -1.938e+004
   1.214 -1.422e+004
   1.214    -6888
   1.215     1636
   1.215     9935
   1.216  1.721e+004
   1.216  2.333e+004
   1.217  2.881e+004
   1.217  3.455e+004
   1.218  4.071e+004
   1.218  4.709e+004
   1.219  5.36e+004
   1.219  6.011e+004
    1.22  6.645e+004
    1.22  7.269e+004
    1.22  7.836e+004
   1.221  8.305e+004
   1.221  8.598e+004
   1.222  8.652e+004
   1.222  8.534e+004
   1.223  8.347e+004
   1.223  8.205e+004
   1.224  8.181e+004
   1.224  8.22e+004
   1.225  8.165e+004
   1.225  7.9e+004
   1.226  7.363e+004
   1.226  6.689e+004
   1.227  6.102e+004
   1.227  5.719e+004
   1.228  5.56e+004
   1.228  5.512e+004
   1.229  5.479e+004
   1.229  5.331e+004
    1.23  5.187e+004
    1.23  5.13e+004
   1.231  5.13e+004
   1.231  5.211e+004
   1.232  5.148e+004
   1.232  4.94e+004
   1.233  4.646e+004
   1.233  4.533e+004
   1.234  4.695e+004
   1.234  5.103e+004
   1.235  5.611e+004
   1.235  5.919e+004
   1.236  5.946e+004
   1.236  5.776e+004
   1.237  5.667e+004
   1.237  5.838e+004
   1.238  6.344e+004
   1.238  6.963e+004
   1.239  7.41e+004
   1.239  7.541e+004
    1.24  7.332e+004
    1.24  7.037e+004
    1.24  6.829e+004
   1.241  6.711e+004
   1.241  6.604e+004
   1.242  6.344e+004
   1.242  5.972e+004
   1.243  5.637e+004
   1.243  5.474e+004
   1.244  5.577e+004
   1.244  5.832e+004
   1.245  5.977e+004
   1.245  5.919e+004
   1.246  5.602e+004
   1.246  5.19e+004
   1.247  5.003e+004
   1.247  5.171e+004
   1.248  5.645e+004
   1.248  6.132e+004
   1.249  6.337e+004
   1.249  6.136e+004
    1.25  5.647e+004
    1.25  5.105e+004
   1.251  4.724e+004
   1.251  4.52e+004
   1.252  4.361e+004
   1.252  4.093e+004
   1.253  3.618e+004
   1.253  2.953e+004
   1.254  2.236e+004
   1.254  1.507e+004
   1.255     7614
   1.255     -554
   1.256    -9972
   1.256 -1.997e+004
   1.257 -2.872e+004
   1.257 -3.502e+004
   1.258 -3.828e+004
   1.258 -3.945e+004
   1.259 -4.034e+004
   1.259 -4.211e+004
    1.26 -4.549e+004
    1.26 -4.92e+004
   1.261 -5.166e+004
   1.261 -5.178e+004
   1.261 -4.939e+004
   1.262 -4.641e+004
   1.262 -4.515e+004
   1.263 -4.605e+004
   1.263 -4.957e+004
   1.264 -5.476e+004
   1.264 -5.969e+004
   1.265 -6.358e+004
   1.265 -6.528e+004
   1.266 -6.548e+004
   1.266 -6.484e+004
   1.267 -6.478e+004
   1.267 -6.591e+004
   1.268 -6.863e+004
   1.268 -7.206e+004
   1.269 -7.569e+004
   1.269 -7.867e+004
    1.27 -8.104e+004
    1.27 -8.286e+004
   1.271 -8.463e+004
   1.271 -8.637e+004
   1.272 -8.857e+004
   1.272 -9.119e+004
   1.273 -9.404e+004
   1.273 -9.749e+004
   1.274 -1.013e+005
   1.274 -1.048e+005
   1.275 -1.074e+005
   1.275 -1.087e+005
   1.276 -1.08e+005
   1.276 -1.055e+005
   1.277 -1.028e+005
   1.277 -1.008e+005
   1.278 -1.008e+005
   1.278 -1.02e+005
   1.279 -1.036e+005
   1.279 -1.045e+005
    1.28 -1.032e+005
    1.28  -1e+005
   1.281 -9.611e+004
   1.281 -9.247e+004
   1.281 -9.034e+004
   1.282 -9.041e+004
   1.282 -9.231e+004
   1.283 -9.472e+004
   1.283 -9.647e+004
   1.284 -9.619e+004
   1.284 -9.334e+004
   1.285 -8.82e+004
   1.285 -8.198e+004
   1.286 -7.655e+004
   1.286 -7.248e+004
   1.287 -6.92e+004
   1.287 -6.58e+004
   1.288 -6.081e+004
   1.288 -5.332e+004
   1.289 -4.394e+004
   1.289 -3.37e+004
    1.29 -2.403e+004
    1.29 -1.636e+004
   1.291    -9897
   1.291    -4208
   1.292     1015
   1.292     6438
   1.293  1.145e+004
   1.293  1.524e+004
   1.294  1.824e+004
   1.294  2.076e+004
   1.295  2.337e+004
   1.295  2.593e+004
   1.296  2.684e+004
   1.296  2.52e+004
   1.297  2.154e+004
   1.297  1.676e+004
   1.298  1.334e+004
   1.298  1.212e+004
   1.299  1.311e+004
   1.299  1.4e+004
     1.3  1.325e+004
     1.3     9767
   1.301     4801
   1.301      745
   1.301     -754
   1.302     1004
   1.302     4318
   1.303     7027
   1.303     8310
   1.304     7963
   1.304     7146
   1.305     7409
   1.305     9023
   1.306  1.129e+004
   1.306  1.324e+004
   1.307  1.423e+004
   1.307  1.543e+004
   1.308  1.785e+004
   1.308  2.224e+004
   1.309  2.749e+004
   1.309  3.203e+004
    1.31  3.519e+004
    1.31  3.677e+004
   1.311  3.866e+004
   1.311  4.217e+004
   1.312  4.818e+004
   1.312  5.606e+004
   1.313  6.397e+004
   1.313  6.985e+004
   1.314  7.331e+004
   1.314  7.479e+004
   1.315  7.64e+004
   1.315  8.007e+004
   1.316  8.571e+004
   1.316  9.291e+004
   1.317  1.002e+005
   1.317  1.067e+005
   1.318  1.121e+005
   1.318  1.163e+005
   1.319  1.188e+005
   1.319  1.204e+005
    1.32  1.219e+005
    1.32  1.239e+005
   1.321  1.27e+005
   1.321  1.316e+005
   1.322  1.363e+005
   1.322  1.398e+005
   1.322  1.408e+005
   1.323  1.389e+005
   1.323  1.352e+005
   1.324  1.317e+005
   1.324  1.305e+005
   1.325  1.314e+005
   1.325  1.339e+005
   1.326  1.364e+005
   1.326  1.374e+005
   1.327  1.361e+005
   1.327  1.335e+005
   1.328  1.314e+005
   1.328  1.305e+005
   1.329  1.304e+005
   1.329  1.305e+005
    1.33  1.295e+005
    1.33  1.278e+005
   1.331  1.262e+005
   1.331  1.248e+005
   1.332  1.229e+005
   1.332  1.194e+005
   1.333  1.136e+005
   1.333  1.064e+005
   1.334  9.93e+004
   1.334  9.397e+004
   1.335  9.185e+004
   1.335  9.187e+004
   1.336  9.223e+004
   1.336  8.973e+004
   1.337  8.381e+004
   1.337  7.531e+004
   1.338  6.687e+004
   1.338  6.081e+004
   1.339  5.7e+004
   1.339  5.466e+004
    1.34  5.149e+004
    1.34  4.705e+004
   1.341  4.093e+004
   1.341  3.377e+004
   1.342  2.654e+004
   1.342  1.931e+004
   1.342  1.242e+004
   1.343     5633
   1.343      698
   1.344    -1767
   1.344    -1505
   1.345       18
   1.345      537
   1.346    -2260
   1.346    -8724
   1.347 -1.587e+004
   1.347 -2.135e+004
   1.348 -2.337e+004
   1.348 -2.296e+004
   1.349 -2.216e+004
   1.349 -2.363e+004
    1.35 -2.879e+004
    1.35 -3.683e+004
   1.351 -4.546e+004
   1.351 -5.22e+004
   1.352 -5.683e+004
   1.352 -6.023e+004
   1.353 -6.348e+004
   1.353 -6.681e+004
   1.354 -6.951e+004
   1.354 -7.045e+004
   1.355 -7.003e+004
   1.355 -6.984e+004
   1.356 -7.092e+004
   1.356 -7.358e+004
   1.357 -7.601e+004
   1.357 -7.552e+004
   1.358 -7.031e+004
   1.358 -6.094e+004
   1.359 -5.066e+004
   1.359 -4.271e+004
    1.36 -3.915e+004
    1.36 -3.939e+004
   1.361 -4.01e+004
   1.361 -3.884e+004
   1.362 -3.477e+004
   1.362 -2.881e+004
   1.362 -2.311e+004
   1.363 -1.996e+004
   1.363 -1.928e+004
   1.364 -2.004e+004
   1.364 -2.105e+004
   1.365 -2.123e+004
   1.365 -2.073e+004
   1.366 -1.995e+004
   1.366 -1.929e+004
   1.367 -1.838e+004
   1.367 -1.703e+004
   1.368 -1.508e+004
   1.368 -1.349e+004
   1.369 -1.413e+004
   1.369 -1.772e+004
    1.37 -2.391e+004
    1.37 -3.087e+004
   1.371 -3.619e+004
   1.371 -3.846e+004
   1.372 -3.806e+004
   1.372 -3.671e+004
   1.373 -3.681e+004
   1.373 -3.926e+004
   1.374 -4.39e+004
   1.374 -4.927e+004
   1.375 -5.331e+004
   1.375 -5.582e+004
   1.376 -5.637e+004
   1.376 -5.607e+004
   1.377 -5.6e+004
   1.377 -5.72e+004
   1.378 -5.946e+004
   1.378 -6.274e+004
   1.379 -6.677e+004
   1.379 -7.075e+004
    1.38 -7.38e+004
    1.38 -7.534e+004
   1.381 -7.437e+004
   1.381 -7.097e+004
   1.382 -6.581e+004
   1.382 -6.07e+004
   1.383 -5.649e+004
   1.383 -5.362e+004
   1.383 -5.138e+004
   1.384 -4.819e+004
   1.384 -4.317e+004
   1.385 -3.546e+004
   1.385 -2.567e+004
   1.386 -1.55e+004
   1.386    -6910
   1.387     -270
   1.387     4454
   1.388     7955
   1.388  1.217e+004
   1.389  1.75e+004
   1.389  2.432e+004
    1.39  3.219e+004
    1.39  3.975e+004
   1.391  4.631e+004
   1.391  5.067e+004
   1.392  5.363e+004
   1.392  5.517e+004
   1.393  5.572e+004
   1.393  5.496e+004
   1.394  5.41e+004
   1.394  5.305e+004
   1.395  5.281e+004
   1.395  5.278e+004
   1.396  5.188e+004
   1.396  4.916e+004
   1.397  4.427e+004
   1.397  3.76e+004
   1.398  3.052e+004
   1.398  2.452e+004
   1.399  2.063e+004
   1.399  1.924e+004
     1.4  1.921e+004
     1.4  1.922e+004
   1.401  1.783e+004
   1.401  1.45e+004
   1.402  1.07e+004
   1.402     7644
   1.403     5968
   1.403     6284
   1.403     7605
   1.404     8938
   1.404     8973
   1.405     7858
   1.405     6225
   1.406     4467
   1.406     2812
   1.407     1118
   1.407    -1202
   1.408    -3601
   1.408    -5926
   1.409    -7219
   1.409    -7308
    1.41    -6767
    1.41    -7145
   1.411    -9196
   1.411 -1.273e+004
   1.412 -1.642e+004
   1.412 -1.916e+004
   1.413 -1.934e+004
   1.413 -1.748e+004
   1.414 -1.532e+004
   1.414 -1.492e+004
   1.415 -1.684e+004
   1.415 -2.042e+004
   1.416 -2.406e+004
   1.416 -2.584e+004
   1.417 -2.517e+004
   1.417 -2.27e+004
   1.418 -2.051e+004
   1.418 -1.966e+004
   1.419 -2.106e+004
   1.419 -2.346e+004
    1.42 -2.507e+004
    1.42 -2.511e+004
   1.421 -2.361e+004
   1.421 -2.166e+004
   1.422 -2.052e+004
   1.422 -2.037e+004
   1.423 -2.018e+004
   1.423 -1.881e+004
   1.423 -1.609e+004
   1.424 -1.287e+004
   1.424 -1.029e+004
   1.425    -9170
   1.425    -8979
   1.426    -8549
   1.426    -6961
   1.427    -3927
   1.427     -275
   1.428     2851
   1.428     4170
   1.429     3546
   1.429     2392
    1.43     2138
    1.43     3086
   1.431     5610
   1.431     8895
   1.432  1.224e+004
   1.432  1.572e+004
   1.433  1.845e+004
   1.433  2.123e+004
   1.434  2.343e+004
   1.434  2.53e+004
   1.435  2.681e+004
   1.435  2.961e+004
   1.436  3.355e+004
   1.436  3.891e+004
   1.437  4.493e+004
   1.437  5.028e+004
   1.438  5.461e+004
   1.438  5.735e+004
   1.439  5.923e+004
   1.439  6.158e+004
    1.44  6.471e+004
    1.44  6.981e+004
   1.441  7.579e+004
   1.441  8.141e+004
   1.442  8.581e+004
   1.442  8.852e+004
   1.443  9.027e+004
   1.443  9.202e+004
   1.444  9.374e+004
   1.444  9.538e+004
   1.444  9.679e+004
   1.445  9.74e+004
   1.445  9.751e+004
   1.446  9.63e+004
   1.446  9.404e+004
   1.447  9.044e+004
   1.447  8.529e+004
   1.448  7.887e+004
   1.448  7.166e+004
   1.449  6.458e+004
   1.449  5.825e+004
    1.45  5.298e+004
    1.45  4.754e+004
   1.451  4.227e+004
   1.451  3.676e+004
   1.452  3.057e+004
   1.452  2.53e+004
   1.453  2.062e+004
   1.453  1.743e+004
   1.454  1.588e+004
   1.454  1.486e+004
   1.455  1.383e+004
   1.455  1.227e+004
   1.456     9673
   1.456     6686
   1.457     3507
   1.457      846
   1.458    -1209
   1.458    -2527
   1.459    -3241
   1.459    -3558
    1.46    -4035
    1.46    -4566
   1.461    -5491
   1.461    -6872
   1.462    -8729
   1.462 -1.049e+004
   1.463 -1.208e+004
   1.463 -1.271e+004
   1.464 -1.218e+004
   1.464 -1.142e+004
   1.464 -1.123e+004
   1.465 -1.285e+004
   1.465 -1.649e+004
   1.466 -2.162e+004
   1.466 -2.732e+004
   1.467 -3.227e+004
   1.467 -3.597e+004
   1.468 -3.851e+004
   1.468 -4.115e+004
   1.469 -4.458e+004
   1.469 -4.968e+004
    1.47 -5.594e+004
    1.47 -6.243e+004
   1.471 -6.858e+004
   1.471 -7.376e+004
   1.472 -7.784e+004
   1.472 -8.053e+004
   1.473 -8.199e+004
   1.473 -8.267e+004
   1.474 -8.293e+004
   1.474 -8.325e+004
   1.475 -8.401e+004
   1.475 -8.545e+004
   1.476 -8.671e+004
   1.476 -8.726e+004
   1.477 -8.657e+004
   1.477 -8.489e+004
   1.478 -8.327e+004
   1.478 -8.216e+004
   1.479 -8.281e+004
   1.479 -8.478e+004
    1.48 -8.766e+004
    1.48 -9.061e+004
   1.481 -9.289e+004
   1.481 -9.454e+004
   1.482 -9.537e+004
   1.482 -9.573e+004
   1.483 -9.534e+004
   1.483 -9.453e+004
   1.484 -9.307e+004
   1.484 -9.143e+004
   1.484 -8.921e+004
   1.485 -8.609e+004
   1.485 -8.159e+004
   1.486 -7.505e+004
   1.486 -6.612e+004
   1.487 -5.575e+004
   1.487 -4.481e+004
   1.488 -3.515e+004
   1.488 -2.766e+004
   1.489 -2.238e+004
   1.489 -1.891e+004
    1.49 -1.569e+004
    1.49 -1.194e+004
   1.491    -7823
   1.491    -3604
   1.492     -255
   1.492     1710
   1.493     1925
   1.493     1449
   1.494      631
   1.494      590
   1.495     1527
   1.495     3161
   1.496     5931
   1.496     9815
   1.497  1.46e+004
   1.497  1.991e+004
   1.498  2.479e+004
   1.498  2.867e+004
   1.499  3.105e+004
   1.499  3.287e+004
     1.5  3.512e+004
     1.5  3.915e+004
   1.501  4.498e+004
   1.501  5.21e+004
   1.502  5.825e+004
   1.502  6.301e+004
   1.503  6.582e+004
   1.503  6.767e+004
   1.504  7.014e+004
   1.504  7.427e+004
   1.505  8.048e+004
   1.505  8.723e+004
   1.505  9.359e+004
   1.506  9.861e+004
   1.506  1.022e+005
   1.507  1.052e+005
   1.507  1.077e+005
   1.508  1.103e+005
   1.508  1.125e+005
   1.509  1.143e+005
   1.509  1.156e+005
    1.51  1.168e+005
    1.51  1.182e+005
   1.511  1.196e+005
   1.511  1.204e+005
   1.512  1.2e+005
   1.512  1.183e+005
   1.513  1.158e+005
   1.513  1.136e+005
   1.514  1.131e+005
   1.514  1.138e+005
   1.515  1.151e+005
   1.515  1.158e+005
   1.516  1.153e+005
   1.516  1.127e+005
   1.517  1.089e+005
   1.517  1.048e+005
   1.518  1.007e+005
   1.518  9.675e+004
   1.519  9.278e+004
   1.519  8.79e+004
    1.52  8.18e+004
    1.52  7.479e+004
   1.521  6.688e+004
   1.521  5.857e+004
   1.522  4.947e+004
   1.522  3.978e+004
   1.523   3e+004
   1.523  2.057e+004
   1.524  1.217e+004
   1.524     4775
   1.525    -1528
   1.525    -7881
   1.525 -1.468e+004
   1.526 -2.206e+004
   1.526 -2.873e+004
   1.527 -3.431e+004
   1.527 -3.822e+004
   1.528 -4.043e+004
   1.528 -4.146e+004
   1.529 -4.199e+004
   1.529 -4.244e+004
    1.53 -4.302e+004
    1.53 -4.406e+004
   1.531 -4.51e+004
   1.531 -4.613e+004
   1.532 -4.659e+004
   1.532 -4.666e+004
   1.533 -4.612e+004
   1.533 -4.502e+004
   1.534 -4.39e+004
   1.534 -4.317e+004
   1.535 -4.29e+004
   1.535 -4.326e+004
   1.536 -4.398e+004
   1.536 -4.392e+004
   1.537 -4.284e+004
   1.537 -4.091e+004
   1.538 -3.851e+004
   1.538 -3.611e+004
   1.539 -3.453e+004
   1.539 -3.391e+004
    1.54 -3.416e+004
    1.54 -3.494e+004
   1.541 -3.575e+004
   1.541 -3.649e+004
   1.542 -3.699e+004
   1.542 -3.754e+004
   1.543 -3.85e+004
   1.543 -4.044e+004
   1.544 -4.315e+004
   1.544 -4.698e+004
   1.545 -5.12e+004
   1.545 -5.533e+004
   1.545 -5.887e+004
   1.546 -6.137e+004
   1.546 -6.317e+004
   1.547 -6.434e+004
   1.547 -6.548e+004
   1.548 -6.691e+004
   1.548 -6.838e+004
   1.549 -6.988e+004
   1.549 -7.142e+004
    1.55 -7.222e+004
    1.55 -7.201e+004
   1.551 -7.104e+004
   1.551 -6.905e+004
   1.552 -6.66e+004
   1.552 -6.419e+004
   1.553 -6.272e+004
   1.553 -6.192e+004
   1.554 -6.15e+004
   1.554 -6.087e+004
   1.555 -5.902e+004
   1.555 -5.559e+004
   1.556 -5.066e+004
   1.556 -4.511e+004
   1.557 -3.987e+004
   1.557 -3.53e+004
   1.558 -3.196e+004
   1.558 -2.908e+004
   1.559 -2.633e+004
   1.559 -2.305e+004
    1.56 -1.918e+004
    1.56 -1.488e+004
   1.561 -1.085e+004
   1.561    -7872
   1.562    -5736
   1.562    -5283
   1.563    -5860
   1.563    -6827
   1.564    -7348
   1.564    -7051
   1.565    -5744
   1.565    -3769
   1.566    -1569
   1.566      296
   1.566     1084
   1.567      978
   1.567       40
   1.568    -1035
   1.568    -1592
   1.569    -1811
   1.569    -1296
    1.57     -779
    1.57     -576
   1.571     -913
   1.571    -2422
   1.572    -5094
   1.572    -8166
   1.573 -1.071e+004
   1.573 -1.155e+004
   1.574    -9968
   1.574    -6612
   1.575    -2543
   1.575     1345
   1.576     3554
   1.576     4310
   1.577     4844
   1.577     6672
   1.578  1.074e+004
   1.578  1.745e+004
   1.579  2.513e+004
   1.579  3.264e+004
    1.58  3.872e+004
    1.58  4.331e+004
   1.581  4.648e+004
   1.581  4.939e+004
   1.582  5.216e+004
   1.582  5.559e+004
   1.583  5.928e+004
   1.583  6.278e+004
   1.584  6.6e+004
   1.584  6.911e+004
   1.585  7.21e+004
   1.585  7.451e+004
   1.586  7.579e+004
   1.586  7.566e+004
   1.586  7.438e+004
   1.587  7.284e+004
   1.587  7.204e+004
   1.588  7.284e+004
   1.588  7.492e+004
   1.589  7.745e+004
   1.589  7.897e+004
    1.59  7.823e+004
    1.59  7.581e+004
   1.591  7.216e+004
   1.591  6.874e+004
   1.592  6.673e+004
   1.592  6.591e+004
   1.593  6.56e+004
   1.593  6.489e+004
   1.594  6.3e+004
   1.594  5.923e+004
   1.595  5.397e+004
   1.595  4.843e+004
   1.596  4.288e+004
   1.596  3.838e+004
   1.597  3.563e+004
   1.597  3.4e+004
   1.598  3.344e+004
   1.598  3.26e+004
   1.599  3.035e+004
   1.599  2.626e+004
     1.6  2.066e+004
     1.6  1.473e+004
   1.601     9749
   1.601     6500
   1.602     4996
   1.602     3901
   1.603     2172
   1.603     -679
   1.604    -4353
   1.604    -8657
   1.605 -1.235e+004
   1.605 -1.501e+004
   1.606 -1.67e+004
   1.606 -1.739e+004
   1.606 -1.679e+004
   1.607 -1.495e+004
   1.607 -1.24e+004
   1.608    -9986
   1.608    -8515
   1.609    -8172
   1.609    -8483
    1.61    -8257
    1.61    -6190
   1.611    -1781
   1.611     4237
   1.612     9833
   1.612  1.326e+004
   1.613  1.388e+004
   1.613  1.297e+004
   1.614  1.19e+004
   1.614  1.265e+004
   1.615  1.517e+004
   1.615  1.807e+004
   1.616  2.13e+004
   1.616  2.341e+004
   1.617  2.544e+004
   1.617  2.705e+004
   1.618  2.869e+004
   1.618  3.007e+004
   1.619  3.08e+004
   1.619  3.031e+004
    1.62  2.929e+004
    1.62  2.806e+004
   1.621  2.747e+004
   1.621  2.744e+004
   1.622  2.717e+004
   1.622  2.452e+004
   1.623  1.94e+004
   1.623  1.23e+004
   1.624     5171
   1.624      -27
   1.625    -2547
   1.625    -2788
   1.626    -2570
   1.626    -3166
   1.627    -5294
   1.627    -7996
   1.627 -1.018e+004
   1.628 -1.083e+004
   1.628    -9694
   1.629    -7098
   1.629    -3970
    1.63     -778
    1.63     1905
   1.631     4148
   1.631     5178
   1.632     4630
   1.632     2532
   1.633     -890
   1.633    -4662
   1.634    -7568
   1.634    -9236
   1.635 -1.014e+004
   1.635 -1.141e+004
   1.636 -1.483e+004
   1.636 -1.964e+004
   1.637 -2.501e+004
   1.637 -2.894e+004
   1.638 -3.073e+004
   1.638 -2.962e+004
   1.639 -2.693e+004
   1.639 -2.385e+004
    1.64 -2.184e+004
    1.64 -2.036e+004
   1.641 -1.953e+004
   1.641 -1.883e+004
   1.642 -1.827e+004
   1.642 -1.796e+004
   1.643 -1.791e+004
   1.643 -1.756e+004
   1.644 -1.684e+004
   1.644 -1.56e+004
   1.645 -1.432e+004
   1.645 -1.405e+004
   1.646 -1.563e+004
   1.646 -1.828e+004
   1.647 -2.108e+004
   1.647 -2.24e+004
   1.647 -2.143e+004
   1.648 -1.891e+004
   1.648 -1.607e+004
   1.649 -1.473e+004
   1.649 -1.459e+004
    1.65 -1.532e+004
    1.65 -1.601e+004
   1.651 -1.593e+004
   1.651 -1.586e+004
   1.652 -1.557e+004
   1.652 -1.585e+004
   1.653 -1.673e+004
   1.653 -1.772e+004
   1.654 -1.886e+004
   1.654 -2.023e+004
   1.655 -2.208e+004
   1.655 -2.527e+004
   1.656 -2.923e+004
   1.656 -3.265e+004
   1.657 -3.46e+004
   1.657 -3.432e+004
   1.658 -3.218e+004
   1.658 -2.996e+004
   1.659 -2.835e+004
   1.659 -2.792e+004
    1.66 -2.781e+004
    1.66 -2.756e+004
   1.661 -2.581e+004
   1.661 -2.269e+004
   1.662 -1.879e+004
   1.662 -1.529e+004
   1.663 -1.25e+004
   1.663 -1.081e+004
   1.664    -9729
   1.664    -9206
   1.665    -9011
   1.665    -9428
   1.666    -9976
   1.666    -9742
   1.667    -8823
   1.667    -6975
   1.667    -5253
   1.668    -4350
   1.668    -5380
   1.669    -7672
   1.669 -1.06e+004
    1.67 -1.242e+004
    1.67 -1.199e+004
   1.671    -9437
   1.671    -5890
   1.672    -3248
   1.672    -1974
   1.673    -2017
   1.673    -2730
   1.674    -3199
   1.674    -2753
   1.675     -944
   1.675     1447
   1.676     3920
   1.676     6243
   1.677     8171
   1.677  1.002e+004
   1.678  1.147e+004
   1.678  1.256e+004
   1.679  1.319e+004
   1.679  1.41e+004
    1.68  1.595e+004
    1.68  1.965e+004
   1.681  2.42e+004
   1.681  2.884e+004
   1.682  3.231e+004
   1.682  3.384e+004
   1.683  3.369e+004
   1.683  3.25e+004
   1.684  3.085e+004
   1.684  2.965e+004
   1.685  2.853e+004
   1.685  2.738e+004
   1.686  2.565e+004
   1.686  2.351e+004
   1.687  2.141e+004
   1.687  1.943e+004
   1.688  1.764e+004
   1.688  1.609e+004
   1.688  1.498e+004
   1.689  1.467e+004
   1.689  1.59e+004
    1.69  1.892e+004
    1.69  2.311e+004
   1.691  2.745e+004
   1.691  3.042e+004
   1.692  3.151e+004
   1.692  3.138e+004
   1.693  3.114e+004
   1.693  3.185e+004
   1.694  3.315e+004
   1.694  3.431e+004
   1.695  3.461e+004
   1.695  3.331e+004
   1.696  3.116e+004
   1.696  2.87e+004
   1.697  2.665e+004
   1.697  2.505e+004
   1.698  2.398e+004
   1.698  2.285e+004
   1.699  2.178e+004
   1.699  2.1e+004
     1.7  2.089e+004
     1.7  2.203e+004
   1.701  2.331e+004
   1.701  2.384e+004
   1.702  2.292e+004
   1.702  2.115e+004
   1.703  1.966e+004
   1.703  1.948e+004
   1.704  2.068e+004
   1.704  2.212e+004
   1.705  2.238e+004
   1.705  2.077e+004
   1.706  1.778e+004
   1.706  1.45e+004
   1.707  1.207e+004
   1.707  1.028e+004
   1.708     9170
   1.708     7696
   1.708     5121
   1.709     2138
   1.709     -803
    1.71    -3185
    1.71    -5224
   1.711    -7066
   1.711    -9856
   1.712 -1.311e+004
   1.712 -1.624e+004
   1.713 -1.88e+004
   1.713 -2.044e+004
   1.714 -2.155e+004
   1.714 -2.362e+004
   1.715 -2.736e+004
   1.715 -3.236e+004
   1.716 -3.772e+004
   1.716 -4.227e+004
   1.717 -4.566e+004
   1.717 -4.782e+004
   1.718 -4.945e+004
   1.718 -5.063e+004
   1.719 -5.219e+004
   1.719 -5.336e+004
    1.72 -5.347e+004
    1.72 -5.275e+004
   1.721 -5.075e+004
   1.721 -4.811e+004
   1.722 -4.498e+004
   1.722 -4.133e+004
   1.723 -3.728e+004
   1.723 -3.224e+004
   1.724 -2.755e+004
   1.724 -2.349e+004
   1.725 -2.066e+004
   1.725 -1.857e+004
   1.726 -1.662e+004
   1.726 -1.385e+004
   1.727    -9859
   1.727    -5113
   1.728     -546
   1.728     3098
   1.728     4967
   1.729     6370
   1.729     8091
    1.73  1.106e+004
    1.73  1.507e+004
   1.731  1.983e+004
   1.731  2.472e+004
   1.732  2.905e+004
   1.732  3.279e+004
   1.733  3.626e+004
   1.733  3.935e+004
   1.734  4.219e+004
   1.734  4.429e+004
   1.735  4.54e+004
   1.735  4.537e+004
   1.736  4.499e+004
   1.736  4.508e+004
   1.737  4.617e+004
   1.737  4.781e+004
   1.738  4.886e+004
   1.738  4.89e+004
   1.739  4.747e+004
   1.739  4.549e+004
    1.74  4.418e+004
    1.74  4.39e+004
   1.741  4.517e+004
   1.741  4.673e+004
   1.742  4.806e+004
   1.742  4.798e+004
   1.743  4.679e+004
   1.743  4.511e+004
   1.744  4.325e+004
   1.744  4.176e+004
   1.745  4.04e+004
   1.745  3.884e+004
   1.746  3.722e+004
   1.746  3.612e+004
   1.747  3.548e+004
   1.747  3.53e+004
   1.748  3.499e+004
   1.748  3.411e+004
   1.749  3.256e+004
   1.749  3.059e+004
   1.749  2.945e+004
    1.75  2.943e+004
    1.75  3.081e+004
   1.751  3.29e+004
   1.751  3.503e+004
   1.752  3.612e+004
   1.752  3.637e+004
   1.753  3.602e+004
   1.753  3.581e+004
   1.754  3.607e+004
   1.754  3.712e+004
   1.755  3.862e+004
   1.755  3.98e+004
   1.756  4.074e+004
   1.756  4.084e+004
   1.757  3.979e+004
   1.757  3.804e+004
   1.758  3.558e+004
   1.758  3.245e+004
   1.759  2.992e+004
   1.759  2.791e+004
    1.76  2.694e+004
    1.76  2.647e+004
   1.761  2.56e+004
   1.761  2.411e+004
   1.762  2.143e+004
   1.762  1.833e+004
   1.763  1.573e+004
   1.763  1.375e+004
   1.764  1.273e+004
   1.764  1.221e+004
   1.765  1.197e+004
   1.765  1.195e+004
   1.766  1.172e+004
   1.766  1.133e+004
   1.767  1.093e+004
   1.767  1.015e+004
   1.768     9768
   1.768     9434
   1.769     9595
   1.769  1.057e+004
   1.769  1.228e+004
    1.77  1.399e+004
    1.77  1.513e+004
   1.771  1.582e+004
   1.771  1.594e+004
   1.772  1.622e+004
   1.772  1.715e+004
   1.773  1.846e+004
   1.773  2.046e+004
   1.774  2.226e+004
   1.774  2.367e+004
   1.775  2.482e+004
   1.775  2.568e+004
   1.776  2.613e+004
   1.776  2.577e+004
   1.777  2.518e+004
   1.777  2.431e+004
   1.778  2.38e+004
   1.778  2.376e+004
   1.779  2.426e+004
   1.779  2.511e+004
    1.78  2.56e+004
    1.78  2.512e+004
   1.781  2.374e+004
   1.781  2.2e+004
   1.782  2.078e+004
   1.782  2.054e+004
   1.783  2.15e+004
   1.783  2.235e+004
   1.784  2.278e+004
   1.784  2.215e+004
   1.785  2.046e+004
   1.785  1.865e+004
   1.786  1.713e+004
   1.786  1.634e+004
   1.787  1.577e+004
   1.787  1.503e+004
   1.788  1.342e+004
   1.788  1.085e+004
   1.789     7914
   1.789     4363
   1.789      676
    1.79    -3945
    1.79    -9032
   1.791 -1.501e+004
   1.791 -2.083e+004
   1.792 -2.573e+004
   1.792 -2.934e+004
   1.793 -3.263e+004
   1.793 -3.612e+004
   1.794 -4.065e+004
   1.794 -4.683e+004
   1.795 -5.279e+004
   1.795 -5.789e+004
   1.796 -6.089e+004
   1.796 -6.214e+004
   1.797 -6.248e+004
   1.797 -6.357e+004
   1.798 -6.587e+004
   1.798 -6.941e+004
   1.799 -7.277e+004
   1.799 -7.52e+004
     1.8 -7.645e+004
     1.8 -7.707e+004
   1.801 -7.827e+004
   1.801 -8.043e+004
   1.802 -8.321e+004
   1.802 -8.568e+004
   1.803 -8.735e+004
   1.803 -8.8e+004
   1.804 -8.822e+004
   1.804 -8.872e+004
   1.805 -8.929e+004
   1.805 -8.952e+004
   1.806 -8.824e+004
   1.806 -8.526e+004
   1.807 -8.145e+004
   1.807 -7.755e+004
   1.808 -7.503e+004
   1.808 -7.419e+004
   1.809 -7.379e+004
   1.809 -7.271e+004
    1.81 -7.021e+004
    1.81 -6.631e+004
    1.81 -6.246e+004
   1.811 -5.986e+004
   1.811 -5.874e+004
   1.812 -5.88e+004
   1.812 -5.938e+004
   1.813 -5.928e+004
   1.813 -5.856e+004
   1.814 -5.777e+004
   1.814 -5.712e+004
   1.815 -5.723e+004
   1.815 -5.712e+004
   1.816 -5.618e+004
   1.816 -5.47e+004
   1.817 -5.293e+004
   1.817 -5.111e+004
   1.818 -4.954e+004
   1.818 -4.767e+004
   1.819 -4.494e+004
   1.819 -4.101e+004
    1.82 -3.635e+004
    1.82 -3.168e+004
   1.821 -2.811e+004
   1.821 -2.639e+004
   1.822 -2.558e+004
   1.822 -2.463e+004
   1.823 -2.261e+004
   1.823 -1.971e+004
   1.824 -1.656e+004
   1.824 -1.364e+004
   1.825 -1.193e+004
   1.825 -1.077e+004
   1.826    -9418
   1.826    -7766
   1.827    -5391
   1.827    -2777
   1.828     -577
   1.828     1248
   1.829     2700
   1.829     3994
    1.83     5493
    1.83     6318
    1.83     6675
   1.831     6097
   1.831     5305
   1.832     5368
   1.832     6229
   1.833     8554
   1.833  1.139e+004
   1.834  1.361e+004
   1.834  1.495e+004
   1.835  1.611e+004
   1.835  1.763e+004
   1.836  2.077e+004
   1.836  2.572e+004
   1.837  3.133e+004
   1.837  3.672e+004
   1.838  4.106e+004
   1.838  4.439e+004
   1.839  4.731e+004
   1.839  5.08e+004
    1.84  5.443e+004
    1.84  5.812e+004
   1.841  6.082e+004
   1.841  6.291e+004
   1.842  6.445e+004
   1.842  6.587e+004
   1.843  6.759e+004
   1.843  6.964e+004
   1.844  7.14e+004
   1.844  7.18e+004
   1.845  7.129e+004
   1.845  7.05e+004
   1.846  7.057e+004
   1.846  7.18e+004
   1.847  7.428e+004
   1.847  7.678e+004
   1.848  7.839e+004
   1.848  7.859e+004
   1.849  7.756e+004
   1.849  7.613e+004
    1.85  7.547e+004
    1.85  7.595e+004
    1.85  7.68e+004
   1.851  7.752e+004
   1.851  7.72e+004
   1.852  7.589e+004
   1.852  7.403e+004
   1.853  7.168e+004
   1.853  6.946e+004
   1.854  6.711e+004
   1.854  6.419e+004
   1.855  6.092e+004
   1.855  5.8e+004
   1.856  5.543e+004
   1.856  5.359e+004
   1.857  5.19e+004
   1.857  4.939e+004
   1.858  4.529e+004
   1.858  3.981e+004
   1.859  3.355e+004
   1.859  2.784e+004
    1.86  2.362e+004
    1.86  2.053e+004
   1.861  1.73e+004
   1.861  1.225e+004
   1.862     5542
   1.862    -2452
   1.863 -1.005e+004
   1.863 -1.599e+004
   1.864 -2.055e+004
   1.864 -2.422e+004
   1.865 -2.782e+004
   1.865 -3.162e+004
   1.866 -3.522e+004
   1.866 -3.777e+004
   1.867 -3.905e+004
   1.867 -3.941e+004
   1.868 -3.98e+004
   1.868 -4.079e+004
   1.869 -4.278e+004
   1.869 -4.457e+004
    1.87 -4.513e+004
    1.87 -4.438e+004
   1.871 -4.327e+004
   1.871 -4.307e+004
   1.871 -4.456e+004
   1.872 -4.745e+004
   1.872 -5.072e+004
   1.873 -5.27e+004
   1.873 -5.271e+004
   1.874 -5.093e+004
   1.874 -4.868e+004
   1.875 -4.732e+004
   1.875 -4.663e+004
   1.876 -4.673e+004
   1.876 -4.628e+004
   1.877 -4.486e+004
   1.877 -4.266e+004
   1.878 -4.022e+004
   1.878 -3.778e+004
   1.879 -3.578e+004
   1.879 -3.342e+004
    1.88 -3.097e+004
    1.88 -2.781e+004
   1.881 -2.433e+004
   1.881 -2.136e+004
   1.882 -1.884e+004
   1.882 -1.598e+004
   1.883 -1.233e+004
   1.883    -7226
   1.884     -909
   1.884     5733
   1.885  1.202e+004
   1.885  1.757e+004
   1.886  2.24e+004
   1.886  2.737e+004
   1.887  3.251e+004
   1.887  3.856e+004
   1.888  4.467e+004
   1.888  5.038e+004
   1.889  5.568e+004
   1.889  6.004e+004
    1.89  6.379e+004
    1.89  6.706e+004
   1.891  7.033e+004
   1.891  7.328e+004
   1.891  7.616e+004
   1.892  7.896e+004
   1.892  8.188e+004
   1.893  8.514e+004
   1.893  8.857e+004
   1.894  9.166e+004
   1.894  9.398e+004
   1.895  9.555e+004
   1.895  9.667e+004
   1.896  9.802e+004
   1.896  9.98e+004
   1.897  1.023e+005
   1.897  1.048e+005
   1.898  1.068e+005
   1.898  1.077e+005
   1.899  1.079e+005
   1.899  1.073e+005
     1.9  1.066e+005
     1.9  1.056e+005
   1.901  1.04e+005
   1.901  1.021e+005
   1.902  9.917e+004
   1.902  9.599e+004
   1.903  9.224e+004
   1.903  8.803e+004
   1.904  8.26e+004
   1.904  7.65e+004
   1.905  6.926e+004
   1.905  6.199e+004
   1.906  5.534e+004
   1.906  4.971e+004
   1.907  4.477e+004
   1.907  4.01e+004
   1.908  3.497e+004
   1.908  2.958e+004
   1.909  2.374e+004
   1.909  1.85e+004
    1.91  1.436e+004
    1.91  1.08e+004
   1.911     7409
   1.911     3630
   1.911     -547
   1.912    -5132
   1.912    -9637
   1.913 -1.424e+004
   1.913 -1.901e+004
   1.914 -2.383e+004
   1.914 -2.906e+004
   1.915 -3.44e+004
   1.915 -3.933e+004
   1.916 -4.378e+004
   1.916 -4.78e+004
   1.917 -5.129e+004
   1.917 -5.569e+004
   1.918 -6.07e+004
   1.918 -6.655e+004
   1.919 -7.184e+004
   1.919 -7.608e+004
    1.92 -7.918e+004
    1.92 -8.183e+004
   1.921 -8.465e+004
   1.921 -8.816e+004
   1.922 -9.17e+004
   1.922 -9.472e+004
   1.923 -9.698e+004
   1.923 -9.788e+004
   1.924 -9.782e+004
   1.924 -9.738e+004
   1.925 -9.665e+004
   1.925 -9.559e+004
   1.926 -9.381e+004
   1.926 -9.075e+004
   1.927 -8.733e+004
   1.927 -8.386e+004
   1.928 -8.124e+004
   1.928 -7.924e+004
   1.929 -7.737e+004
   1.929 -7.508e+004
    1.93 -7.209e+004
    1.93 -6.941e+004
   1.931 -6.77e+004
   1.931 -6.754e+004
   1.932 -6.874e+004
   1.932 -7.08e+004
   1.932 -7.256e+004
   1.933 -7.38e+004
   1.933 -7.441e+004
   1.934 -7.488e+004
   1.934 -7.567e+004
   1.935 -7.601e+004
   1.935 -7.568e+004
   1.936 -7.443e+004
   1.936 -7.212e+004
   1.937 -6.948e+004
   1.937 -6.636e+004
   1.938 -6.301e+004
   1.938 -5.897e+004
   1.939 -5.42e+004
   1.939 -4.878e+004
    1.94 -4.353e+004
    1.94 -3.911e+004
   1.941 -3.586e+004
   1.941 -3.37e+004
   1.942 -3.206e+004
   1.942 -3.031e+004
   1.943 -2.798e+004
   1.943 -2.549e+004
   1.944 -2.323e+004
   1.944 -2.138e+004
   1.945 -1.988e+004
   1.945 -1.808e+004
   1.946 -1.577e+004
   1.946 -1.314e+004
   1.947 -1.066e+004
   1.947    -7832
   1.948    -5293
   1.948    -2292
   1.949     1291
   1.949     5368
    1.95     9406
    1.95  1.286e+004
   1.951  1.516e+004
   1.951  1.66e+004
   1.952  1.761e+004
   1.952  1.922e+004
   1.952  2.182e+004
   1.953  2.485e+004
   1.953  2.757e+004
   1.954  2.952e+004
   1.954  3.076e+004
   1.955  3.211e+004
   1.955  3.371e+004
   1.956  3.614e+004
   1.956  3.944e+004
   1.957  4.29e+004
   1.957  4.645e+004
   1.958  4.961e+004
   1.958  5.233e+004
   1.959  5.549e+004
   1.959  5.836e+004
    1.96  6.085e+004
    1.96  6.314e+004
   1.961  6.457e+004
   1.961  6.594e+004
   1.962  6.748e+004
   1.962  6.961e+004
   1.963  7.208e+004
   1.963  7.399e+004
   1.964  7.546e+004
   1.964  7.606e+004
   1.965  7.655e+004
   1.965  7.714e+004
   1.966  7.866e+004
   1.966  8.096e+004
   1.967  8.347e+004
   1.967  8.596e+004
   1.968  8.749e+004
   1.968  8.868e+004
   1.969  8.927e+004
   1.969  8.962e+004
    1.97  8.967e+004
    1.97  8.886e+004
   1.971  8.747e+004
   1.971  8.532e+004
   1.972  8.307e+004
   1.972  8.08e+004
   1.972  7.852e+004
   1.973  7.568e+004
   1.973  7.202e+004
   1.974  6.748e+004
   1.974  6.286e+004
   1.975  5.849e+004
   1.975  5.466e+004
   1.976  5.121e+004
   1.976  4.743e+004
   1.977  4.286e+004
   1.977  3.784e+004
   1.978  3.271e+004
   1.978  2.829e+004
   1.979  2.452e+004
   1.979  2.107e+004
    1.98  1.755e+004
    1.98  1.353e+004
   1.981     8900
   1.981     4551
   1.982      826
   1.982    -2208
   1.983    -5024
   1.983    -8154
   1.984 -1.214e+004
   1.984 -1.64e+004
   1.985 -2.045e+004
   1.985 -2.329e+004
   1.986 -2.484e+004
   1.986 -2.572e+004
   1.987 -2.633e+004
   1.987 -2.712e+004
   1.988 -2.801e+004
   1.988 -2.856e+004
   1.989 -2.844e+004
   1.989 -2.74e+004
    1.99 -2.564e+004
    1.99 -2.36e+004
   1.991 -2.176e+004
   1.991 -2.057e+004
   1.992 -1.948e+004
   1.992 -1.828e+004
   1.993 -1.651e+004
   1.993 -1.433e+004
   1.993 -1.253e+004
   1.994 -1.1e+004
   1.994 -1.022e+004
   1.995    -9095
   1.995    -7782
   1.996    -5676
   1.996    -3157
   1.997     -411
   1.997     1900
   1.998     3713
   1.998     5283
   1.999     7026
   1.999     8943
       2  1.134e+004
       2  1.338e+004
   2.001  1.482e+004
   2.001  1.592e+004
   2.002  1.629e+004
   2.002  1.652e+004
   2.003  1.636e+004
   2.003  1.602e+004
   2.004  1.568e+004
   2.004  1.549e+004
   2.005  1.533e+004
   2.005  1.532e+004
   2.006  1.504e+004
   2.006  1.451e+004
   2.007  1.419e+004
   2.007  1.416e+004
   2.008  1.474e+004
   2.008  1.611e+004
   2.009  1.773e+004
   2.009  1.881e+004
    2.01  1.928e+004
    2.01  1.929e+004
   2.011  1.906e+004
   2.011  1.901e+004
   2.012  1.926e+004
   2.012  1.959e+004
   2.013  1.912e+004
   2.013  1.75e+004
   2.013  1.522e+004
   2.014  1.266e+004
   2.014  1.064e+004
   2.015     9462
   2.015     8652
   2.016     7703
   2.016     6265
   2.017     4622
   2.017     3203
   2.018     2763
   2.018     2914
   2.019     3527
   2.019     3496
    2.02     3087
    2.02     2059
   2.021      679
   2.021     -594
   2.022    -1742
   2.022    -2778
   2.023    -3856
   2.023    -5459
   2.024    -7387
   2.024    -9874
   2.025 -1.275e+004
   2.025 -1.578e+004
   2.026 -1.834e+004
   2.026 -2.081e+004
   2.027 -2.311e+004
   2.027 -2.526e+004
   2.028 -2.714e+004
   2.028 -2.906e+004
   2.029 -3.088e+004
   2.029 -3.273e+004
    2.03 -3.459e+004
    2.03 -3.641e+004
   2.031 -3.771e+004
   2.031 -3.876e+004
   2.032 -3.98e+004
   2.032 -4.082e+004
   2.033 -4.159e+004
   2.033 -4.22e+004
   2.033 -4.245e+004
   2.034 -4.235e+004
   2.034 -4.207e+004
   2.035 -4.161e+004
   2.035 -4.091e+004
   2.036 -3.979e+004
   2.036 -3.839e+004
   2.037 -3.647e+004
   2.037 -3.435e+004
   2.038 -3.236e+004
   2.038 -3.027e+004
   2.039 -2.88e+004
   2.039 -2.707e+004
    2.04 -2.544e+004
    2.04 -2.36e+004
   2.041 -2.189e+004
   2.041 -2.043e+004
   2.042 -1.96e+004
   2.042 -1.897e+004
   2.043 -1.85e+004
   2.043 -1.76e+004
   2.044 -1.624e+004
   2.044 -1.492e+004
   2.045 -1.359e+004
   2.045 -1.23e+004
   2.046 -1.125e+004
   2.046 -1.013e+004
   2.047    -9136
   2.047    -7950
   2.048    -6818
   2.048    -5967
   2.049    -5336
   2.049    -4906
    2.05    -4522
    2.05    -4341
   2.051    -4416
   2.051    -5252
   2.052    -7463
   2.052 -1.027e+004
   2.053 -1.357e+004
   2.053 -1.633e+004
   2.054 -1.826e+004
   2.054 -2.016e+004
   2.054 -2.238e+004
   2.055 -2.534e+004
   2.055 -2.891e+004
   2.056 -3.248e+004
   2.056 -3.472e+004
   2.057 -3.591e+004
   2.057 -3.611e+004
   2.058 -3.601e+004
   2.058 -3.617e+004
   2.059 -3.636e+004
   2.059 -3.643e+004
    2.06 -3.577e+004
    2.06 -3.441e+004
   2.061 -3.303e+004
   2.061 -3.232e+004
   2.062 -3.239e+004
   2.062 -3.274e+004
   2.063 -3.282e+004
   2.063 -3.172e+004
   2.064 -2.973e+004
   2.064 -2.778e+004
   2.065 -2.592e+004
   2.065 -2.514e+004
   2.066 -2.501e+004
   2.066 -2.421e+004
   2.067 -2.237e+004
   2.067 -1.928e+004
   2.068 -1.505e+004
   2.068 -1.109e+004
   2.069    -7648
   2.069    -4639
    2.07    -2162
    2.07      712
   2.071     3980
   2.071     7645
   2.072  1.113e+004
   2.072  1.432e+004
   2.073  1.718e+004
   2.073  1.997e+004
   2.074  2.303e+004
   2.074  2.617e+004
   2.074  2.887e+004
   2.075  3.078e+004
   2.075  3.234e+004
   2.076  3.437e+004
   2.076  3.676e+004
   2.077  3.953e+004
   2.077  4.244e+004
   2.078  4.437e+004
   2.078  4.558e+004
   2.079  4.607e+004
   2.079  4.603e+004
    2.08  4.626e+004
    2.08  4.738e+004
   2.081  4.863e+004
   2.081  4.977e+004
   2.082  5.047e+004
   2.082  5.022e+004
   2.083  5.007e+004
   2.083  4.975e+004
   2.084  4.929e+004
   2.084  4.828e+004
   2.085  4.639e+004
   2.085  4.344e+004
   2.086   4e+004
   2.086  3.648e+004
   2.087  3.362e+004
   2.087  3.156e+004
   2.088  2.984e+004
   2.088  2.743e+004
   2.089  2.4e+004
   2.089  1.921e+004
    2.09  1.407e+004
    2.09     9598
   2.091     6367
   2.091     3832
   2.092     1310
   2.092    -2309
   2.093    -6706
   2.093 -1.19e+004
   2.094 -1.685e+004
   2.094 -2.067e+004
   2.094 -2.34e+004
   2.095 -2.564e+004
   2.095 -2.807e+004
   2.096 -3.093e+004
   2.096 -3.38e+004
   2.097 -3.594e+004
   2.097 -3.708e+004
   2.098 -3.746e+004
   2.098 -3.731e+004
   2.099 -3.764e+004
   2.099 -3.843e+004
     2.1 -3.905e+004
     2.1 -3.953e+004
   2.101 -3.922e+004
   2.101 -3.871e+004
   2.102 -3.822e+004
   2.102 -3.827e+004
   2.103 -3.923e+004
   2.103 -4.013e+004
   2.104 -4.054e+004
   2.104 -4.001e+004
   2.105 -3.842e+004
   2.105 -3.619e+004
   2.106 -3.41e+004
   2.106 -3.215e+004
   2.107 -3.029e+004
   2.107 -2.836e+004
   2.108 -2.614e+004
   2.108 -2.26e+004
   2.109 -1.845e+004
   2.109 -1.388e+004
    2.11    -9006
    2.11    -4424
   2.111     -266
   2.111     4108
   2.112     7924
   2.112  1.163e+004
   2.113  1.488e+004
   2.113  1.791e+004
   2.114  2.139e+004
   2.114  2.499e+004
   2.115  2.845e+004
   2.115  3.19e+004
   2.115  3.44e+004
   2.116  3.629e+004
   2.116  3.813e+004
   2.117   4e+004
   2.117  4.22e+004
   2.118  4.464e+004
   2.118  4.695e+004
   2.119  4.895e+004
   2.119  5.048e+004
    2.12  5.194e+004
    2.12  5.38e+004
   2.121  5.534e+004
   2.121  5.607e+004
   2.122  5.552e+004
   2.122  5.398e+004
   2.123  5.202e+004
   2.123  5.043e+004
   2.124  4.932e+004
   2.124  4.866e+004
   2.125  4.745e+004
   2.125  4.547e+004
   2.126  4.245e+004
   2.126  3.899e+004
   2.127  3.628e+004
   2.127  3.417e+004
   2.128  3.306e+004
   2.128  3.237e+004
   2.129  3.13e+004
   2.129  2.996e+004
    2.13  2.815e+004
    2.13  2.621e+004
   2.131  2.453e+004
   2.131  2.297e+004
   2.132  2.17e+004
   2.132  2.005e+004
   2.133  1.821e+004
   2.133  1.61e+004
   2.134  1.397e+004
   2.134  1.206e+004
   2.135     9881
   2.135     7677
   2.135     4813
   2.136     1614
   2.136    -1400
   2.137    -4247
   2.137    -6136
   2.138    -7722
   2.138    -9453
   2.139 -1.175e+004
   2.139 -1.453e+004
    2.14 -1.75e+004
    2.14 -1.982e+004
   2.141 -2.116e+004
   2.141 -2.185e+004
   2.142 -2.246e+004
   2.142 -2.368e+004
   2.143 -2.53e+004
   2.143 -2.731e+004
   2.144 -2.888e+004
   2.144 -2.976e+004
   2.145 -2.949e+004
   2.145 -2.889e+004
   2.146 -2.777e+004
   2.146 -2.67e+004
   2.147 -2.547e+004
   2.147 -2.38e+004
   2.148 -2.177e+004
   2.148 -1.991e+004
   2.149 -1.817e+004
   2.149 -1.675e+004
    2.15 -1.531e+004
    2.15 -1.326e+004
   2.151 -1.075e+004
   2.151    -8231
   2.152    -5773
   2.152    -4358
   2.153    -3419
   2.153    -2504
   2.154    -1391
   2.154      -88
   2.155     1712
   2.155     3463
   2.155     5316
   2.156     7381
   2.156     9685
   2.157  1.226e+004
   2.157  1.492e+004
   2.158  1.727e+004
   2.158  1.928e+004
   2.159  2.142e+004
   2.159  2.445e+004
    2.16  2.783e+004
    2.16  3.183e+004
   2.161  3.555e+004
   2.161  3.852e+004
   2.162  4.089e+004
   2.162  4.256e+004
   2.163  4.414e+004
   2.163  4.607e+004
   2.164  4.811e+004
   2.164  5.01e+004
   2.165  5.167e+004
   2.165  5.272e+004
   2.166  5.34e+004
   2.166  5.377e+004
   2.167  5.402e+004
   2.167  5.391e+004
   2.168  5.383e+004
   2.168  5.347e+004
   2.169  5.354e+004
   2.169  5.409e+004
    2.17  5.465e+004
    2.17  5.517e+004
   2.171  5.519e+004
   2.171  5.453e+004
   2.172  5.35e+004
   2.172  5.256e+004
   2.173  5.162e+004
   2.173  5.151e+004
   2.174  5.161e+004
   2.174  5.108e+004
   2.175  5.003e+004
   2.175  4.81e+004
   2.176  4.583e+004
   2.176  4.403e+004
   2.176  4.215e+004
   2.177  4.071e+004
   2.177  3.929e+004
   2.178  3.735e+004
   2.178  3.49e+004
   2.179  3.2e+004
   2.179  2.923e+004
    2.18  2.667e+004
    2.18  2.449e+004
   2.181  2.203e+004
   2.181  1.907e+004
   2.182  1.571e+004
   2.182  1.27e+004
   2.183     9856
   2.183     7309
   2.184     4696
   2.184     1761
   2.185    -1697
   2.185    -5178
   2.186    -8480
   2.186 -1.156e+004
   2.187 -1.402e+004
   2.187 -1.609e+004
   2.188 -1.811e+004
   2.188 -2.014e+004
   2.189 -2.208e+004
   2.189 -2.366e+004
    2.19 -2.46e+004
    2.19 -2.523e+004
   2.191 -2.558e+004
   2.191 -2.602e+004
   2.192 -2.642e+004
   2.192 -2.644e+004
   2.193 -2.598e+004
   2.193 -2.505e+004
   2.194 -2.41e+004
